t,S,theta,kappa,sigma
0.000000000000000000e+00,9.281620725766638325e-01,9.000000000000000222e-01,3.000000000000000000e+00,1.000000000000000056e-01
2.000000000000000111e-01,1.012657556798103320e+00,1.100000000000000089e+00,3.000000000000000000e+00,1.000000000000000056e-01
4.000000000000000222e-01,1.040524269574118144e+00,1.100000000000000089e+00,3.000000000000000000e+00,1.000000000000000056e-01
6.000000000000000888e-01,1.028507535629960445e+00,1.100000000000000089e+00,3.000000000000000000e+00,1.000000000000000056e-01
8.000000000000000444e-01,1.041781606835129548e+00,1.100000000000000089e+00,3.000000000000000000e+00,1.000000000000000056e-01
1.000000000000000000e+00,1.044479823198559032e+00,1.100000000000000089e+00,3.000000000000000000e+00,1.000000000000000056e-01
1.200000000000000178e+00,1.026550697659860401e+00,1.100000000000000089e+00,3.000000000000000000e+00,1.000000000000000056e-01
1.400000000000000133e+00,1.047424616000055098e+00,1.100000000000000089e+00,3.000000000000000000e+00,1.000000000000000056e-01
1.600000000000000089e+00,1.008754356744660408e+00,1.100000000000000089e+00,3.000000000000000000e+00,1.000000000000000056e-01
1.800000000000000044e+00,1.101192741897093486e+00,1.100000000000000089e+00,3.000000000000000000e+00,1.000000000000000056e-01
2.000000000000000000e+00,1.047198010717681926e+00,1.000000000000000000e+00,3.000000000000000000e+00,1.000000000000000056e-01
2.200000000000000178e+00,1.000739259154446614e+00,1.000000000000000000e+00,3.000000000000000000e+00,1.000000000000000056e-01
2.400000000000000355e+00,1.016276626737171673e+00,1.000000000000000000e+00,3.000000000000000000e+00,1.000000000000000056e-01
2.600000000000000089e+00,1.020671936104778910e+00,1.000000000000000000e+00,3.000000000000000000e+00,1.000000000000000056e-01
2.800000000000000266e+00,9.324454612266791509e-01,1.000000000000000000e+00,3.000000000000000000e+00,1.000000000000000056e-01
3.000000000000000000e+00,1.040827185066451444e+00,1.000000000000000000e+00,3.000000000000000000e+00,1.000000000000000056e-01
3.200000000000000178e+00,9.700302469159847174e-01,1.000000000000000000e+00,3.000000000000000000e+00,1.000000000000000056e-01
3.400000000000000355e+00,1.039414334497473558e+00,1.000000000000000000e+00,3.000000000000000000e+00,1.000000000000000056e-01
3.600000000000000089e+00,1.042836583660631034e+00,1.000000000000000000e+00,3.000000000000000000e+00,1.000000000000000056e-01
3.800000000000000266e+00,9.332735907209056547e-01,1.000000000000000000e+00,3.000000000000000000e+00,1.000000000000000056e-01
4.000000000000000000e+00,1.013524852104893847e+00,1.000000000000000000e+00,3.000000000000000000e+00,1.000000000000000056e-01
4.200000000000000178e+00,9.226430120624791176e-01,1.000000000000000000e+00,3.000000000000000000e+00,1.000000000000000056e-01
4.400000000000000355e+00,1.005708235048107912e+00,1.000000000000000000e+00,3.000000000000000000e+00,1.000000000000000056e-01
4.600000000000000533e+00,1.070366980097967158e+00,1.000000000000000000e+00,3.000000000000000000e+00,1.000000000000000056e-01
4.800000000000000711e+00,1.037728016302939649e+00,1.000000000000000000e+00,3.000000000000000000e+00,1.000000000000000056e-01
5.000000000000000000e+00,1.030094465607687582e+00,1.000000000000000000e+00,3.000000000000000000e+00,1.000000000000000056e-01
5.200000000000000178e+00,9.677217883396984632e-01,1.000000000000000000e+00,3.000000000000000000e+00,1.000000000000000056e-01
5.400000000000000355e+00,1.026636310763541005e+00,1.000000000000000000e+00,3.000000000000000000e+00,1.000000000000000056e-01
5.600000000000000533e+00,9.460078788967081209e-01,1.000000000000000000e+00,3.000000000000000000e+00,1.000000000000000056e-01
5.800000000000000711e+00,1.053020755846899137e+00,1.000000000000000000e+00,3.000000000000000000e+00,2.999999999999999889e-01
6.000000000000000000e+00,9.770247648640610905e-01,1.000000000000000000e+00,3.000000000000000000e+00,2.999999999999999889e-01
6.200000000000000178e+00,8.005564955016821749e-01,1.000000000000000000e+00,3.000000000000000000e+00,2.999999999999999889e-01
6.400000000000000355e+00,1.134645420595112419e+00,1.000000000000000000e+00,3.000000000000000000e+00,2.999999999999999889e-01
6.600000000000000533e+00,1.137932772890885014e+00,1.000000000000000000e+00,3.000000000000000000e+00,2.999999999999999889e-01
6.800000000000000711e+00,1.102382485124912881e+00,1.000000000000000000e+00,3.000000000000000000e+00,2.999999999999999889e-01
7.000000000000000000e+00,1.048314618931269315e+00,1.000000000000000000e+00,3.000000000000000000e+00,2.999999999999999889e-01
7.200000000000000178e+00,8.737768118300407449e-01,1.000000000000000000e+00,3.000000000000000000e+00,2.999999999999999889e-01
7.400000000000000355e+00,1.245175228394419298e+00,1.000000000000000000e+00,3.000000000000000000e+00,2.999999999999999889e-01
7.600000000000000533e+00,1.205283000230741974e+00,1.000000000000000000e+00,3.000000000000000000e+00,2.999999999999999889e-01
7.800000000000000711e+00,9.843505462674296824e-01,1.000000000000000000e+00,3.000000000000000000e+00,2.999999999999999889e-01
8.000000000000000000e+00,1.267823873385183653e+00,1.000000000000000000e+00,3.000000000000000000e+00,2.999999999999999889e-01
8.200000000000001066e+00,1.237380163922600973e+00,1.000000000000000000e+00,3.000000000000000000e+00,2.999999999999999889e-01
8.400000000000000355e+00,1.029026236429141816e+00,1.000000000000000000e+00,7.000000000000000000e+00,2.999999999999999889e-01
8.599999999999999645e+00,1.132753421941347316e+00,1.000000000000000000e+00,7.000000000000000000e+00,2.999999999999999889e-01
8.800000000000000711e+00,8.846395068365332515e-01,1.000000000000000000e+00,7.000000000000000000e+00,2.999999999999999889e-01
9.000000000000000000e+00,1.092174727781086929e+00,1.000000000000000000e+00,7.000000000000000000e+00,2.999999999999999889e-01
9.200000000000001066e+00,1.119026846460071445e+00,1.000000000000000000e+00,7.000000000000000000e+00,2.999999999999999889e-01
9.400000000000000355e+00,1.088869425622036591e+00,1.000000000000000000e+00,7.000000000000000000e+00,2.999999999999999889e-01
9.600000000000001421e+00,9.847586381477080320e-01,1.000000000000000000e+00,7.000000000000000000e+00,2.999999999999999889e-01
9.800000000000000711e+00,9.342161529075159176e-01,1.000000000000000000e+00,7.000000000000000000e+00,2.999999999999999889e-01
1.000000000000000000e+01,1.183219078809219171e+00,1.000000000000000000e+00,7.000000000000000000e+00,2.999999999999999889e-01
1.020000000000000107e+01,1.077375195211917935e+00,1.000000000000000000e+00,7.000000000000000000e+00,2.999999999999999889e-01
1.040000000000000036e+01,7.726565875004387518e-01,1.000000000000000000e+00,7.000000000000000000e+00,2.999999999999999889e-01
1.060000000000000142e+01,1.053987442888840942e+00,1.000000000000000000e+00,7.000000000000000000e+00,2.999999999999999889e-01
1.080000000000000071e+01,1.244316325926154265e+00,1.000000000000000000e+00,7.000000000000000000e+00,2.999999999999999889e-01
1.100000000000000000e+01,8.483148525481483126e-01,1.000000000000000000e+00,7.000000000000000000e+00,2.999999999999999889e-01
1.120000000000000107e+01,1.036062708065218274e+00,1.000000000000000000e+00,7.000000000000000000e+00,2.999999999999999889e-01
1.140000000000000036e+01,1.208667723467325095e+00,1.000000000000000000e+00,7.000000000000000000e+00,2.999999999999999889e-01
1.160000000000000142e+01,9.051043222932322330e-01,1.000000000000000000e+00,7.000000000000000000e+00,2.999999999999999889e-01
1.180000000000000071e+01,1.097600141477014013e+00,1.000000000000000000e+00,7.000000000000000000e+00,2.999999999999999889e-01
1.200000000000000000e+01,7.134999116973145261e-01,1.000000000000000000e+00,7.000000000000000000e+00,2.999999999999999889e-01
1.220000000000000107e+01,1.167530785124755388e+00,1.000000000000000000e+00,7.000000000000000000e+00,2.999999999999999889e-01
1.240000000000000036e+01,8.602193184265298775e-01,1.000000000000000000e+00,7.000000000000000000e+00,2.999999999999999889e-01
1.260000000000000142e+01,1.206052654939799851e+00,1.000000000000000000e+00,7.000000000000000000e+00,2.999999999999999889e-01
1.280000000000000071e+01,1.038430531675954116e+00,1.000000000000000000e+00,7.000000000000000000e+00,2.999999999999999889e-01
1.300000000000000000e+01,9.061975387143157423e-01,1.000000000000000000e+00,7.000000000000000000e+00,2.999999999999999889e-01
1.320000000000000107e+01,1.054820397565666257e+00,1.000000000000000000e+00,7.000000000000000000e+00,2.999999999999999889e-01
1.340000000000000036e+01,1.055227628414932450e+00,1.000000000000000000e+00,7.000000000000000000e+00,2.999999999999999889e-01
1.360000000000000142e+01,1.126274768334874832e+00,1.000000000000000000e+00,7.000000000000000000e+00,2.999999999999999889e-01
1.380000000000000071e+01,6.000512787042834306e-01,1.000000000000000000e+00,7.000000000000000000e+00,2.999999999999999889e-01
1.400000000000000000e+01,1.238242547381415370e+00,1.000000000000000000e+00,7.000000000000000000e+00,2.999999999999999889e-01
1.420000000000000107e+01,8.365095342768498199e-01,1.000000000000000000e+00,7.000000000000000000e+00,2.999999999999999889e-01
1.440000000000000036e+01,1.265329105094683992e+00,1.000000000000000000e+00,7.000000000000000000e+00,2.999999999999999889e-01
1.460000000000000142e+01,9.106385327444013189e-01,1.000000000000000000e+00,7.000000000000000000e+00,2.999999999999999889e-01
1.480000000000000071e+01,8.676810491091392352e-01,1.000000000000000000e+00,7.000000000000000000e+00,2.999999999999999889e-01
1.500000000000000000e+01,1.144026413958552979e+00,1.000000000000000000e+00,3.000000000000000000e+00,2.999999999999999889e-01
1.520000000000000107e+01,8.948517127462791709e-01,1.000000000000000000e+00,3.000000000000000000e+00,2.999999999999999889e-01
1.540000000000000036e+01,8.492203913799392101e-01,1.000000000000000000e+00,3.000000000000000000e+00,2.999999999999999889e-01
1.560000000000000142e+01,9.539724668620287451e-01,1.000000000000000000e+00,3.000000000000000000e+00,2.999999999999999889e-01
1.580000000000000071e+01,8.552722552625751096e-01,1.000000000000000000e+00,3.000000000000000000e+00,2.999999999999999889e-01
1.600000000000000000e+01,8.026109033826632766e-01,1.000000000000000000e+00,3.000000000000000000e+00,2.999999999999999889e-01
1.619999999999999929e+01,9.407884867034237431e-01,1.000000000000000000e+00,3.000000000000000000e+00,2.999999999999999889e-01
1.640000000000000213e+01,9.953853466234504621e-01,1.000000000000000000e+00,3.000000000000000000e+00,2.999999999999999889e-01
1.660000000000000142e+01,1.090796416669807201e+00,1.000000000000000000e+00,3.000000000000000000e+00,2.999999999999999889e-01
1.680000000000000071e+01,1.268076277155628651e+00,1.000000000000000000e+00,7.000000000000000000e+00,2.999999999999999889e-01
1.700000000000000000e+01,7.667003178802946906e-01,1.000000000000000000e+00,7.000000000000000000e+00,2.999999999999999889e-01
1.719999999999999929e+01,9.749004461803932875e-01,1.000000000000000000e+00,7.000000000000000000e+00,2.999999999999999889e-01
1.740000000000000213e+01,1.101679641221096073e+00,1.000000000000000000e+00,7.000000000000000000e+00,2.999999999999999889e-01
1.760000000000000142e+01,9.601456747798258196e-01,1.000000000000000000e+00,7.000000000000000000e+00,2.999999999999999889e-01
1.780000000000000071e+01,9.475297547797773001e-01,1.000000000000000000e+00,7.000000000000000000e+00,2.999999999999999889e-01
1.800000000000000000e+01,1.178525795144472976e+00,1.000000000000000000e+00,7.000000000000000000e+00,2.999999999999999889e-01
1.819999999999999929e+01,9.893832992239756097e-01,1.000000000000000000e+00,7.000000000000000000e+00,2.999999999999999889e-01
1.840000000000000213e+01,9.237168692720479912e-01,1.000000000000000000e+00,7.000000000000000000e+00,2.999999999999999889e-01
1.860000000000000142e+01,9.350390915836581662e-01,1.000000000000000000e+00,7.000000000000000000e+00,2.999999999999999889e-01
1.880000000000000071e+01,1.097851456728011987e+00,1.000000000000000000e+00,7.000000000000000000e+00,2.999999999999999889e-01
1.900000000000000000e+01,1.017078587836889314e+00,1.000000000000000000e+00,7.000000000000000000e+00,2.999999999999999889e-01
1.920000000000000284e+01,1.082298104026166108e+00,1.000000000000000000e+00,7.000000000000000000e+00,2.999999999999999889e-01
1.940000000000000213e+01,9.152357673605356903e-01,1.000000000000000000e+00,7.000000000000000000e+00,2.999999999999999889e-01
1.960000000000000142e+01,1.152330248351439268e+00,1.000000000000000000e+00,7.000000000000000000e+00,2.999999999999999889e-01
1.980000000000000071e+01,8.639124779947301436e-01,1.000000000000000000e+00,7.000000000000000000e+00,2.999999999999999889e-01
2.000000000000000000e+01,9.465367033493596871e-01,1.000000000000000000e+00,7.000000000000000000e+00,2.999999999999999889e-01
2.020000000000000284e+01,9.804826745348377282e-01,1.000000000000000000e+00,7.000000000000000000e+00,2.999999999999999889e-01
2.040000000000000213e+01,9.488221476497180618e-01,1.000000000000000000e+00,7.000000000000000000e+00,2.999999999999999889e-01
2.060000000000000142e+01,1.143957062239606248e+00,1.000000000000000000e+00,7.000000000000000000e+00,2.999999999999999889e-01
2.080000000000000071e+01,9.640762507941047499e-01,1.000000000000000000e+00,7.000000000000000000e+00,2.999999999999999889e-01
2.100000000000000000e+01,1.001872391576560606e+00,1.000000000000000000e+00,7.000000000000000000e+00,2.999999999999999889e-01
2.120000000000000284e+01,1.229017546752059209e+00,1.000000000000000000e+00,7.000000000000000000e+00,2.999999999999999889e-01
2.140000000000000213e+01,1.166848958624671306e+00,1.000000000000000000e+00,7.000000000000000000e+00,2.999999999999999889e-01
2.160000000000000142e+01,8.574216100919854755e-01,1.000000000000000000e+00,7.000000000000000000e+00,2.999999999999999889e-01
2.180000000000000071e+01,1.122006235263678153e+00,1.000000000000000000e+00,7.000000000000000000e+00,2.999999999999999889e-01
2.200000000000000000e+01,1.062912331140709377e+00,1.000000000000000000e+00,7.000000000000000000e+00,2.999999999999999889e-01
2.220000000000000284e+01,9.424246674832669202e-01,1.000000000000000000e+00,7.000000000000000000e+00,2.999999999999999889e-01
2.240000000000000213e+01,1.146321144519692581e+00,1.000000000000000000e+00,7.000000000000000000e+00,2.999999999999999889e-01
2.260000000000000142e+01,1.031473437367815826e+00,1.000000000000000000e+00,7.000000000000000000e+00,2.999999999999999889e-01
2.280000000000000071e+01,1.120084964251786497e+00,1.000000000000000000e+00,7.000000000000000000e+00,2.999999999999999889e-01
2.300000000000000000e+01,7.832709016723246043e-01,1.000000000000000000e+00,7.000000000000000000e+00,2.999999999999999889e-01
2.320000000000000284e+01,1.065201318402921427e+00,1.000000000000000000e+00,7.000000000000000000e+00,2.999999999999999889e-01
2.340000000000000213e+01,7.357435640083760386e-01,1.000000000000000000e+00,7.000000000000000000e+00,2.999999999999999889e-01
2.360000000000000142e+01,1.091417052071055993e+00,1.000000000000000000e+00,7.000000000000000000e+00,1.000000000000000056e-01
2.380000000000000071e+01,8.616028459441460452e-01,1.000000000000000000e+00,7.000000000000000000e+00,1.000000000000000056e-01
2.400000000000000000e+01,1.156427941390998138e+00,1.000000000000000000e+00,7.000000000000000000e+00,1.000000000000000056e-01
2.420000000000000284e+01,8.621012629252422510e-01,1.000000000000000000e+00,7.000000000000000000e+00,1.000000000000000056e-01
2.440000000000000213e+01,1.036162941770024215e+00,1.000000000000000000e+00,7.000000000000000000e+00,1.000000000000000056e-01
2.460000000000000142e+01,9.876939133899581558e-01,1.000000000000000000e+00,7.000000000000000000e+00,1.000000000000000056e-01
2.480000000000000071e+01,1.014018687633182036e+00,1.000000000000000000e+00,7.000000000000000000e+00,1.000000000000000056e-01
2.500000000000000000e+01,1.015347611079643997e+00,1.000000000000000000e+00,7.000000000000000000e+00,1.000000000000000056e-01
2.520000000000000284e+01,9.625298898608972697e-01,1.000000000000000000e+00,7.000000000000000000e+00,1.000000000000000056e-01
2.540000000000000213e+01,1.024227619309824977e+00,1.000000000000000000e+00,7.000000000000000000e+00,1.000000000000000056e-01
2.560000000000000142e+01,1.007020438817298968e+00,1.000000000000000000e+00,7.000000000000000000e+00,1.000000000000000056e-01
2.580000000000000071e+01,9.762280905475807513e-01,1.000000000000000000e+00,7.000000000000000000e+00,1.000000000000000056e-01
2.600000000000000000e+01,9.997978525344080047e-01,1.000000000000000000e+00,7.000000000000000000e+00,1.000000000000000056e-01
2.620000000000000284e+01,1.017199454955409532e+00,1.000000000000000000e+00,7.000000000000000000e+00,1.000000000000000056e-01
2.640000000000000213e+01,1.050303784998175338e+00,1.000000000000000000e+00,7.000000000000000000e+00,1.000000000000000056e-01
2.660000000000000142e+01,1.011256590917558373e+00,1.000000000000000000e+00,7.000000000000000000e+00,1.000000000000000056e-01
2.680000000000000071e+01,1.007498440414873686e+00,1.000000000000000000e+00,7.000000000000000000e+00,1.000000000000000056e-01
2.700000000000000000e+01,1.005814644500400146e+00,1.000000000000000000e+00,7.000000000000000000e+00,1.000000000000000056e-01
2.720000000000000284e+01,9.086315107986407957e-01,1.000000000000000000e+00,7.000000000000000000e+00,1.000000000000000056e-01
2.740000000000000213e+01,9.966304307171065524e-01,1.000000000000000000e+00,7.000000000000000000e+00,1.000000000000000056e-01
2.760000000000000142e+01,9.185206088670641034e-01,1.000000000000000000e+00,7.000000000000000000e+00,1.000000000000000056e-01
2.780000000000000071e+01,1.032903641882739754e+00,1.000000000000000000e+00,7.000000000000000000e+00,1.000000000000000056e-01
2.800000000000000000e+01,9.670897464810740418e-01,1.000000000000000000e+00,7.000000000000000000e+00,1.000000000000000056e-01
2.820000000000000284e+01,1.046942263046608090e+00,1.000000000000000000e+00,7.000000000000000000e+00,1.000000000000000056e-01
2.840000000000000213e+01,9.603260626457471583e-01,1.000000000000000000e+00,7.000000000000000000e+00,1.000000000000000056e-01
2.860000000000000142e+01,9.445237702033627558e-01,1.000000000000000000e+00,7.000000000000000000e+00,2.999999999999999889e-01
2.880000000000000071e+01,9.337659071962598478e-01,1.000000000000000000e+00,7.000000000000000000e+00,2.999999999999999889e-01
2.900000000000000000e+01,1.169031439306359221e+00,1.000000000000000000e+00,7.000000000000000000e+00,1.000000000000000056e-01
2.920000000000000284e+01,9.733601410640916329e-01,1.000000000000000000e+00,7.000000000000000000e+00,1.000000000000000056e-01
2.940000000000000213e+01,9.337139063271547856e-01,1.000000000000000000e+00,7.000000000000000000e+00,1.000000000000000056e-01
2.960000000000000142e+01,1.005697385392649412e+00,1.000000000000000000e+00,7.000000000000000000e+00,1.000000000000000056e-01
2.980000000000000071e+01,1.000886338785922147e+00,1.000000000000000000e+00,7.000000000000000000e+00,1.000000000000000056e-01
3.000000000000000000e+01,9.927500914837457113e-01,1.000000000000000000e+00,7.000000000000000000e+00,1.000000000000000056e-01
3.020000000000000284e+01,1.033340845553321730e+00,1.000000000000000000e+00,7.000000000000000000e+00,1.000000000000000056e-01
3.040000000000000213e+01,9.583877015748913930e-01,1.000000000000000000e+00,7.000000000000000000e+00,1.000000000000000056e-01
3.060000000000000142e+01,1.030543509989873652e+00,1.000000000000000000e+00,7.000000000000000000e+00,1.000000000000000056e-01
3.080000000000000071e+01,9.463676064906725305e-01,1.000000000000000000e+00,7.000000000000000000e+00,1.000000000000000056e-01
3.100000000000000000e+01,1.084223896203521997e+00,1.000000000000000000e+00,7.000000000000000000e+00,1.000000000000000056e-01
3.120000000000000284e+01,8.825054672033968428e-01,1.000000000000000000e+00,7.000000000000000000e+00,1.000000000000000056e-01
3.140000000000000213e+01,9.604218731141751508e-01,1.000000000000000000e+00,7.000000000000000000e+00,1.000000000000000056e-01
3.160000000000000142e+01,1.081019302576458285e+00,1.000000000000000000e+00,7.000000000000000000e+00,1.000000000000000056e-01
3.180000000000000071e+01,9.316200991171842416e-01,1.000000000000000000e+00,7.000000000000000000e+00,1.000000000000000056e-01
3.200000000000000000e+01,1.084838376709430507e+00,1.000000000000000000e+00,7.000000000000000000e+00,1.000000000000000056e-01
3.220000000000000284e+01,1.041434658434599703e+00,1.000000000000000000e+00,7.000000000000000000e+00,1.000000000000000056e-01
3.239999999999999858e+01,8.422862454068733573e-01,1.000000000000000000e+00,7.000000000000000000e+00,2.999999999999999889e-01
3.260000000000000142e+01,8.134751463605398580e-01,1.000000000000000000e+00,7.000000000000000000e+00,2.999999999999999889e-01
3.280000000000000426e+01,1.063914233095347717e+00,1.000000000000000000e+00,7.000000000000000000e+00,2.999999999999999889e-01
3.300000000000000000e+01,6.957072763625989920e-01,1.000000000000000000e+00,7.000000000000000000e+00,2.999999999999999889e-01
3.320000000000000284e+01,1.349243306986163571e+00,1.000000000000000000e+00,7.000000000000000000e+00,2.999999999999999889e-01
3.339999999999999858e+01,8.976494316720249333e-01,1.000000000000000000e+00,7.000000000000000000e+00,2.999999999999999889e-01
3.360000000000000142e+01,1.030776401492570660e+00,1.000000000000000000e+00,7.000000000000000000e+00,2.999999999999999889e-01
3.380000000000000426e+01,9.083299956183670254e-01,1.000000000000000000e+00,7.000000000000000000e+00,2.999999999999999889e-01
3.400000000000000000e+01,1.160081936765201771e+00,1.000000000000000000e+00,7.000000000000000000e+00,2.999999999999999889e-01
3.420000000000000284e+01,9.093631545657381299e-01,1.000000000000000000e+00,7.000000000000000000e+00,2.999999999999999889e-01
3.439999999999999858e+01,1.067471526772363344e+00,1.000000000000000000e+00,7.000000000000000000e+00,2.999999999999999889e-01
3.460000000000000142e+01,1.017670429594796255e+00,1.000000000000000000e+00,7.000000000000000000e+00,2.999999999999999889e-01
3.480000000000000426e+01,1.048201307482590217e+00,1.000000000000000000e+00,7.000000000000000000e+00,2.999999999999999889e-01
3.500000000000000000e+01,1.041167632966935264e+00,1.000000000000000000e+00,7.000000000000000000e+00,2.999999999999999889e-01
3.520000000000000284e+01,9.460643544241058578e-01,1.000000000000000000e+00,7.000000000000000000e+00,2.999999999999999889e-01
3.539999999999999858e+01,9.726871282071579694e-01,1.000000000000000000e+00,7.000000000000000000e+00,2.999999999999999889e-01
3.560000000000000142e+01,1.151873734789034209e+00,1.000000000000000000e+00,7.000000000000000000e+00,2.999999999999999889e-01
3.580000000000000426e+01,9.586046459425734412e-01,1.000000000000000000e+00,7.000000000000000000e+00,2.999999999999999889e-01
3.600000000000000000e+01,9.079305021480238436e-01,1.000000000000000000e+00,7.000000000000000000e+00,2.999999999999999889e-01
3.620000000000000284e+01,1.045284883402793685e+00,1.000000000000000000e+00,7.000000000000000000e+00,2.999999999999999889e-01
3.639999999999999858e+01,1.031203559585077922e+00,1.000000000000000000e+00,7.000000000000000000e+00,2.999999999999999889e-01
3.660000000000000142e+01,1.148250039958447655e+00,1.000000000000000000e+00,7.000000000000000000e+00,2.999999999999999889e-01
3.680000000000000426e+01,7.141333891585328608e-01,1.000000000000000000e+00,7.000000000000000000e+00,2.999999999999999889e-01
3.700000000000000000e+01,1.100708209556417572e+00,1.000000000000000000e+00,7.000000000000000000e+00,2.999999999999999889e-01
3.720000000000000284e+01,1.076238819395978430e+00,1.000000000000000000e+00,7.000000000000000000e+00,2.999999999999999889e-01
3.739999999999999858e+01,9.910951984634498446e-01,1.000000000000000000e+00,7.000000000000000000e+00,2.999999999999999889e-01
3.760000000000000142e+01,9.285642478621732865e-01,1.000000000000000000e+00,7.000000000000000000e+00,2.999999999999999889e-01
3.780000000000000426e+01,1.053924908911356928e+00,1.000000000000000000e+00,7.000000000000000000e+00,2.999999999999999889e-01
3.800000000000000000e+01,1.015508355724855871e+00,1.000000000000000000e+00,7.000000000000000000e+00,2.999999999999999889e-01
3.820000000000000284e+01,9.593152042282510061e-01,1.000000000000000000e+00,7.000000000000000000e+00,2.999999999999999889e-01
3.840000000000000568e+01,8.836962389436192611e-01,1.000000000000000000e+00,7.000000000000000000e+00,2.999999999999999889e-01
3.860000000000000142e+01,1.029809151765260555e+00,1.000000000000000000e+00,7.000000000000000000e+00,2.999999999999999889e-01
3.880000000000000426e+01,9.489634632538570536e-01,1.000000000000000000e+00,7.000000000000000000e+00,2.999999999999999889e-01
3.900000000000000000e+01,1.031622150073767452e+00,1.000000000000000000e+00,7.000000000000000000e+00,1.000000000000000056e-01
3.920000000000000284e+01,9.809673892700095932e-01,1.000000000000000000e+00,7.000000000000000000e+00,1.000000000000000056e-01
3.940000000000000568e+01,1.010402449882227272e+00,1.000000000000000000e+00,7.000000000000000000e+00,1.000000000000000056e-01
3.960000000000000142e+01,9.329227429031444752e-01,1.000000000000000000e+00,7.000000000000000000e+00,1.000000000000000056e-01
3.980000000000000426e+01,1.018141649684407568e+00,1.000000000000000000e+00,7.000000000000000000e+00,1.000000000000000056e-01
4.000000000000000000e+01,1.101518515743714177e+00,1.100000000000000089e+00,7.000000000000000000e+00,1.000000000000000056e-01
4.020000000000000284e+01,1.089641933432216936e+00,1.100000000000000089e+00,7.000000000000000000e+00,1.000000000000000056e-01
4.040000000000000568e+01,1.105901630321145523e+00,1.100000000000000089e+00,7.000000000000000000e+00,1.000000000000000056e-01
4.060000000000000142e+01,1.029975275384445776e+00,1.100000000000000089e+00,7.000000000000000000e+00,1.000000000000000056e-01
4.080000000000000426e+01,1.102709773366624013e+00,1.100000000000000089e+00,7.000000000000000000e+00,1.000000000000000056e-01
4.100000000000000000e+01,1.132908975963547782e+00,1.100000000000000089e+00,7.000000000000000000e+00,1.000000000000000056e-01
4.120000000000000284e+01,1.047051977255146538e+00,1.100000000000000089e+00,7.000000000000000000e+00,1.000000000000000056e-01
4.140000000000000568e+01,1.178532397354215000e+00,1.100000000000000089e+00,7.000000000000000000e+00,1.000000000000000056e-01
4.160000000000000142e+01,7.834951791003234023e-01,9.000000000000000222e-01,7.000000000000000000e+00,1.000000000000000056e-01
4.180000000000000426e+01,9.268682335430158403e-01,9.000000000000000222e-01,7.000000000000000000e+00,1.000000000000000056e-01
4.200000000000000000e+01,8.814585775491367015e-01,9.000000000000000222e-01,7.000000000000000000e+00,1.000000000000000056e-01
4.220000000000000284e+01,9.310647004698883178e-01,9.000000000000000222e-01,7.000000000000000000e+00,1.000000000000000056e-01
4.240000000000000568e+01,8.573559127296230820e-01,9.000000000000000222e-01,7.000000000000000000e+00,1.000000000000000056e-01
4.260000000000000142e+01,8.421983352871142969e-01,9.000000000000000222e-01,7.000000000000000000e+00,1.000000000000000056e-01
4.280000000000000426e+01,9.312775475164799532e-01,9.000000000000000222e-01,7.000000000000000000e+00,1.000000000000000056e-01
4.300000000000000000e+01,8.879714150833466491e-01,9.000000000000000222e-01,7.000000000000000000e+00,1.000000000000000056e-01
4.320000000000000284e+01,9.036089452663574884e-01,9.000000000000000222e-01,7.000000000000000000e+00,1.000000000000000056e-01
4.340000000000000568e+01,8.959377664570861155e-01,9.000000000000000222e-01,7.000000000000000000e+00,1.000000000000000056e-01
4.360000000000000142e+01,9.754510832653705554e-01,9.000000000000000222e-01,7.000000000000000000e+00,1.000000000000000056e-01
4.380000000000000426e+01,8.254086805741072119e-01,9.000000000000000222e-01,7.000000000000000000e+00,1.000000000000000056e-01
4.400000000000000000e+01,8.848895183603989745e-01,9.000000000000000222e-01,7.000000000000000000e+00,1.000000000000000056e-01
4.420000000000000284e+01,9.727977799819155225e-01,1.000000000000000000e+00,7.000000000000000000e+00,1.000000000000000056e-01
4.440000000000000568e+01,9.729221698369613369e-01,1.000000000000000000e+00,7.000000000000000000e+00,1.000000000000000056e-01
4.460000000000000142e+01,9.280125626946014172e-01,1.000000000000000000e+00,7.000000000000000000e+00,1.000000000000000056e-01
4.480000000000000426e+01,9.493496794188810428e-01,1.000000000000000000e+00,7.000000000000000000e+00,1.000000000000000056e-01
4.500000000000000000e+01,9.460455863622264649e-01,1.000000000000000000e+00,7.000000000000000000e+00,1.000000000000000056e-01
4.520000000000000284e+01,9.686812271005259545e-01,1.000000000000000000e+00,7.000000000000000000e+00,1.000000000000000056e-01
4.540000000000000568e+01,1.048680480959675920e+00,1.000000000000000000e+00,7.000000000000000000e+00,1.000000000000000056e-01
4.560000000000000142e+01,9.541378770213904126e-01,1.000000000000000000e+00,7.000000000000000000e+00,1.000000000000000056e-01
4.580000000000000426e+01,1.026284368728312524e+00,1.000000000000000000e+00,7.000000000000000000e+00,1.000000000000000056e-01
4.600000000000000000e+01,1.019062629305888867e+00,1.000000000000000000e+00,7.000000000000000000e+00,1.000000000000000056e-01
4.620000000000000284e+01,1.035838648726914224e+00,1.000000000000000000e+00,7.000000000000000000e+00,1.000000000000000056e-01
4.640000000000000568e+01,9.616471731961493408e-01,1.000000000000000000e+00,7.000000000000000000e+00,1.000000000000000056e-01
4.660000000000000142e+01,9.976101684627951549e-01,1.000000000000000000e+00,7.000000000000000000e+00,1.000000000000000056e-01
4.680000000000000426e+01,9.926025407762325559e-01,1.000000000000000000e+00,7.000000000000000000e+00,1.000000000000000056e-01
4.700000000000000000e+01,1.013764039138224993e+00,1.000000000000000000e+00,7.000000000000000000e+00,1.000000000000000056e-01
4.720000000000000284e+01,9.972465525270095554e-01,1.000000000000000000e+00,7.000000000000000000e+00,1.000000000000000056e-01
4.740000000000000568e+01,1.042796957598401519e+00,1.000000000000000000e+00,7.000000000000000000e+00,1.000000000000000056e-01
4.760000000000000142e+01,1.052594254326967516e+00,1.000000000000000000e+00,7.000000000000000000e+00,1.000000000000000056e-01
4.780000000000000426e+01,1.066396464014950363e+00,1.000000000000000000e+00,7.000000000000000000e+00,1.000000000000000056e-01
4.800000000000000000e+01,9.904287752994507255e-01,1.000000000000000000e+00,7.000000000000000000e+00,1.000000000000000056e-01
4.820000000000000284e+01,9.574944984127373715e-01,1.000000000000000000e+00,7.000000000000000000e+00,1.000000000000000056e-01
4.840000000000000568e+01,1.040656276127536417e+00,1.000000000000000000e+00,7.000000000000000000e+00,1.000000000000000056e-01
4.860000000000000142e+01,9.801107563144471069e-01,1.000000000000000000e+00,7.000000000000000000e+00,1.000000000000000056e-01
4.880000000000000426e+01,9.524485212046124305e-01,1.000000000000000000e+00,7.000000000000000000e+00,1.000000000000000056e-01
4.900000000000000000e+01,1.025590528315136307e+00,1.000000000000000000e+00,7.000000000000000000e+00,1.000000000000000056e-01
4.920000000000000284e+01,1.004264635406025619e+00,1.000000000000000000e+00,7.000000000000000000e+00,1.000000000000000056e-01
4.940000000000000568e+01,9.839112408840721136e-01,1.000000000000000000e+00,7.000000000000000000e+00,1.000000000000000056e-01
4.960000000000000142e+01,1.084592596254587038e+00,1.000000000000000000e+00,7.000000000000000000e+00,1.000000000000000056e-01
4.980000000000000426e+01,9.528007799571664993e-01,1.000000000000000000e+00,7.000000000000000000e+00,1.000000000000000056e-01
5.000000000000000000e+01,1.013086841672818039e+00,1.000000000000000000e+00,7.000000000000000000e+00,1.000000000000000056e-01
5.020000000000000284e+01,1.005934567099979082e+00,1.000000000000000000e+00,7.000000000000000000e+00,1.000000000000000056e-01
5.040000000000000568e+01,9.065730145538404283e-01,1.000000000000000000e+00,7.000000000000000000e+00,1.000000000000000056e-01
5.060000000000000142e+01,1.041576882263649306e+00,1.000000000000000000e+00,7.000000000000000000e+00,1.000000000000000056e-01
5.080000000000000426e+01,9.809512380160037015e-01,1.000000000000000000e+00,7.000000000000000000e+00,1.000000000000000056e-01
5.100000000000000000e+01,1.032074949615202630e+00,1.000000000000000000e+00,7.000000000000000000e+00,1.000000000000000056e-01
5.120000000000000284e+01,1.011057209314558891e+00,1.000000000000000000e+00,7.000000000000000000e+00,1.000000000000000056e-01
5.140000000000000568e+01,1.034452318572488982e+00,1.000000000000000000e+00,7.000000000000000000e+00,1.000000000000000056e-01
5.160000000000000142e+01,1.038326700445660888e+00,1.000000000000000000e+00,7.000000000000000000e+00,1.000000000000000056e-01
5.180000000000000426e+01,9.456635711128213995e-01,1.000000000000000000e+00,7.000000000000000000e+00,1.000000000000000056e-01
5.200000000000000000e+01,1.059468051681176526e+00,1.000000000000000000e+00,7.000000000000000000e+00,1.000000000000000056e-01
5.220000000000000284e+01,9.981967844264902912e-01,1.000000000000000000e+00,7.000000000000000000e+00,1.000000000000000056e-01
5.240000000000000568e+01,1.051854621247545918e+00,1.000000000000000000e+00,7.000000000000000000e+00,1.000000000000000056e-01
5.260000000000000142e+01,9.388134149913852644e-01,1.000000000000000000e+00,7.000000000000000000e+00,1.000000000000000056e-01
5.280000000000000426e+01,1.038276841329916600e+00,1.000000000000000000e+00,7.000000000000000000e+00,1.000000000000000056e-01
5.300000000000000000e+01,9.733336739203494181e-01,1.000000000000000000e+00,7.000000000000000000e+00,1.000000000000000056e-01
5.320000000000000284e+01,1.022232916335293451e+00,1.000000000000000000e+00,7.000000000000000000e+00,1.000000000000000056e-01
5.340000000000000568e+01,1.074668316883978347e+00,1.000000000000000000e+00,7.000000000000000000e+00,1.000000000000000056e-01
5.360000000000000142e+01,9.830434042244354798e-01,1.000000000000000000e+00,7.000000000000000000e+00,1.000000000000000056e-01
5.380000000000000426e+01,1.002042010896594171e+00,1.000000000000000000e+00,7.000000000000000000e+00,1.000000000000000056e-01
5.400000000000000000e+01,9.810606748957856338e-01,1.000000000000000000e+00,7.000000000000000000e+00,1.000000000000000056e-01
5.420000000000000284e+01,1.166370239094863814e+00,1.100000000000000089e+00,7.000000000000000000e+00,1.000000000000000056e-01
5.440000000000000568e+01,1.104431843632663446e+00,1.100000000000000089e+00,7.000000000000000000e+00,1.000000000000000056e-01
5.460000000000000142e+01,1.143286569747893555e+00,1.100000000000000089e+00,7.000000000000000000e+00,1.000000000000000056e-01
5.480000000000000426e+01,1.142637535507872393e+00,1.100000000000000089e+00,7.000000000000000000e+00,1.000000000000000056e-01
5.500000000000000000e+01,1.043023495641295151e+00,1.100000000000000089e+00,7.000000000000000000e+00,1.000000000000000056e-01
5.520000000000000284e+01,1.097500650511093134e+00,1.100000000000000089e+00,7.000000000000000000e+00,1.000000000000000056e-01
5.540000000000000568e+01,1.086305287374780049e+00,1.100000000000000089e+00,7.000000000000000000e+00,1.000000000000000056e-01
5.560000000000000142e+01,1.087219417217846873e+00,1.100000000000000089e+00,7.000000000000000000e+00,1.000000000000000056e-01
5.580000000000000426e+01,1.049917515400963897e+00,1.100000000000000089e+00,7.000000000000000000e+00,1.000000000000000056e-01
5.600000000000000000e+01,1.009918927364515273e+00,1.000000000000000000e+00,7.000000000000000000e+00,1.000000000000000056e-01
5.620000000000000284e+01,9.627935623853961511e-01,1.000000000000000000e+00,7.000000000000000000e+00,1.000000000000000056e-01
5.640000000000000568e+01,9.669525354806052242e-01,1.000000000000000000e+00,7.000000000000000000e+00,1.000000000000000056e-01
5.660000000000000142e+01,9.684599914588417624e-01,1.000000000000000000e+00,7.000000000000000000e+00,1.000000000000000056e-01
5.680000000000000426e+01,9.472005080878475036e-01,1.000000000000000000e+00,7.000000000000000000e+00,1.000000000000000056e-01
5.700000000000000000e+01,1.060938629246749532e+00,1.000000000000000000e+00,7.000000000000000000e+00,1.000000000000000056e-01
5.720000000000000284e+01,1.000719407408618977e+00,1.000000000000000000e+00,7.000000000000000000e+00,1.000000000000000056e-01
5.740000000000000568e+01,9.795102381766620514e-01,1.000000000000000000e+00,7.000000000000000000e+00,1.000000000000000056e-01
5.760000000000000142e+01,8.868548075268798403e-01,1.000000000000000000e+00,7.000000000000000000e+00,1.000000000000000056e-01
5.780000000000000426e+01,1.040310998953110966e+00,1.000000000000000000e+00,7.000000000000000000e+00,1.000000000000000056e-01
5.800000000000000000e+01,9.718695048883133625e-01,1.000000000000000000e+00,7.000000000000000000e+00,1.000000000000000056e-01
5.820000000000000284e+01,9.411742734543231403e-01,1.000000000000000000e+00,7.000000000000000000e+00,1.000000000000000056e-01
5.840000000000000568e+01,9.902986900376167245e-01,1.000000000000000000e+00,7.000000000000000000e+00,1.000000000000000056e-01
5.860000000000000142e+01,1.002487496790116506e+00,1.000000000000000000e+00,7.000000000000000000e+00,1.000000000000000056e-01
5.880000000000000426e+01,9.570517565430822771e-01,1.000000000000000000e+00,7.000000000000000000e+00,1.000000000000000056e-01
5.900000000000000000e+01,9.904418031499692132e-01,1.000000000000000000e+00,7.000000000000000000e+00,1.000000000000000056e-01
5.920000000000000284e+01,1.060149215705975312e+00,1.000000000000000000e+00,7.000000000000000000e+00,1.000000000000000056e-01
5.940000000000000568e+01,9.588404584800320762e-01,1.000000000000000000e+00,7.000000000000000000e+00,1.000000000000000056e-01
5.960000000000000142e+01,9.946992917705554937e-01,1.000000000000000000e+00,7.000000000000000000e+00,1.000000000000000056e-01
5.980000000000000426e+01,1.010990025883081289e+00,1.000000000000000000e+00,7.000000000000000000e+00,1.000000000000000056e-01
6.000000000000000000e+01,1.001797596433743998e+00,1.000000000000000000e+00,7.000000000000000000e+00,1.000000000000000056e-01
6.020000000000000284e+01,9.965369477561535350e-01,1.000000000000000000e+00,7.000000000000000000e+00,1.000000000000000056e-01
6.040000000000000568e+01,1.062259204753268182e+00,1.000000000000000000e+00,7.000000000000000000e+00,1.000000000000000056e-01
6.060000000000000142e+01,9.513700564410878524e-01,1.000000000000000000e+00,7.000000000000000000e+00,1.000000000000000056e-01
6.080000000000000426e+01,1.057190367103010953e+00,1.000000000000000000e+00,7.000000000000000000e+00,1.000000000000000056e-01
6.100000000000000000e+01,9.949781076927999290e-01,1.000000000000000000e+00,7.000000000000000000e+00,1.000000000000000056e-01
6.120000000000000284e+01,9.923468908933821275e-01,1.000000000000000000e+00,7.000000000000000000e+00,1.000000000000000056e-01
6.140000000000000568e+01,9.432782765297964556e-01,1.000000000000000000e+00,7.000000000000000000e+00,1.000000000000000056e-01
6.160000000000000142e+01,1.062103599212965932e+00,1.000000000000000000e+00,7.000000000000000000e+00,1.000000000000000056e-01
6.180000000000000426e+01,9.918303761087661208e-01,1.000000000000000000e+00,7.000000000000000000e+00,1.000000000000000056e-01
6.200000000000000000e+01,1.049856190173930726e+00,1.000000000000000000e+00,7.000000000000000000e+00,1.000000000000000056e-01
6.220000000000000284e+01,9.721998589134582813e-01,1.000000000000000000e+00,7.000000000000000000e+00,1.000000000000000056e-01
6.240000000000000568e+01,1.134698254944304763e+00,1.000000000000000000e+00,7.000000000000000000e+00,1.000000000000000056e-01
6.260000000000000142e+01,9.391085859720404994e-01,1.000000000000000000e+00,7.000000000000000000e+00,1.000000000000000056e-01
6.280000000000000426e+01,1.056468226096346719e+00,1.000000000000000000e+00,7.000000000000000000e+00,1.000000000000000056e-01
6.300000000000000000e+01,9.373491767058186319e-01,1.000000000000000000e+00,7.000000000000000000e+00,1.000000000000000056e-01
6.320000000000000284e+01,1.076727820294940408e+00,1.000000000000000000e+00,7.000000000000000000e+00,1.000000000000000056e-01
6.340000000000000568e+01,9.287335532458292908e-01,1.000000000000000000e+00,7.000000000000000000e+00,1.000000000000000056e-01
6.360000000000000142e+01,1.047936693770207928e+00,1.000000000000000000e+00,7.000000000000000000e+00,1.000000000000000056e-01
6.380000000000000426e+01,9.909972091477590173e-01,1.000000000000000000e+00,7.000000000000000000e+00,1.000000000000000056e-01
6.400000000000000000e+01,9.563921525268002100e-01,1.000000000000000000e+00,7.000000000000000000e+00,1.000000000000000056e-01
6.420000000000000284e+01,9.875080806817911894e-01,1.000000000000000000e+00,7.000000000000000000e+00,1.000000000000000056e-01
6.440000000000000568e+01,1.018005388187995575e+00,1.000000000000000000e+00,7.000000000000000000e+00,1.000000000000000056e-01
6.460000000000000853e+01,9.848054517753929149e-01,1.000000000000000000e+00,7.000000000000000000e+00,1.000000000000000056e-01
6.479999999999999716e+01,1.039195342242645870e+00,1.000000000000000000e+00,7.000000000000000000e+00,1.000000000000000056e-01
6.500000000000000000e+01,9.879993659605654788e-01,1.000000000000000000e+00,7.000000000000000000e+00,1.000000000000000056e-01
6.520000000000000284e+01,9.881990378599005975e-01,1.000000000000000000e+00,7.000000000000000000e+00,1.000000000000000056e-01
6.540000000000000568e+01,1.078094936219770483e+00,1.000000000000000000e+00,7.000000000000000000e+00,1.000000000000000056e-01
6.560000000000000853e+01,9.082554361115784403e-01,1.000000000000000000e+00,7.000000000000000000e+00,1.000000000000000056e-01
6.579999999999999716e+01,9.601139137541776503e-01,1.000000000000000000e+00,7.000000000000000000e+00,1.000000000000000056e-01
6.600000000000000000e+01,9.902277581295475528e-01,1.000000000000000000e+00,7.000000000000000000e+00,1.000000000000000056e-01
6.620000000000000284e+01,1.014128656008614016e+00,1.000000000000000000e+00,7.000000000000000000e+00,1.000000000000000056e-01
6.640000000000000568e+01,9.241668803934893761e-01,1.000000000000000000e+00,7.000000000000000000e+00,1.000000000000000056e-01
6.660000000000000853e+01,9.775546527151286469e-01,1.000000000000000000e+00,3.000000000000000000e+00,1.000000000000000056e-01
6.679999999999999716e+01,1.006333074447338438e+00,1.000000000000000000e+00,3.000000000000000000e+00,1.000000000000000056e-01
6.700000000000000000e+01,9.449376978803545324e-01,1.000000000000000000e+00,3.000000000000000000e+00,1.000000000000000056e-01
6.720000000000000284e+01,9.752191739449007635e-01,1.000000000000000000e+00,3.000000000000000000e+00,1.000000000000000056e-01
6.740000000000000568e+01,9.032159259346298485e-01,1.000000000000000000e+00,3.000000000000000000e+00,1.000000000000000056e-01
6.760000000000000853e+01,9.416544318878975472e-01,1.000000000000000000e+00,3.000000000000000000e+00,1.000000000000000056e-01
6.779999999999999716e+01,9.664901011725641755e-01,1.000000000000000000e+00,3.000000000000000000e+00,1.000000000000000056e-01
6.800000000000000000e+01,9.542718152863489678e-01,1.000000000000000000e+00,3.000000000000000000e+00,1.000000000000000056e-01
6.820000000000000284e+01,8.749836418923196968e-01,1.000000000000000000e+00,3.000000000000000000e+00,1.000000000000000056e-01
6.840000000000000568e+01,8.620617810904193101e-01,9.000000000000000222e-01,3.000000000000000000e+00,1.000000000000000056e-01
6.860000000000000853e+01,9.287705468820637300e-01,9.000000000000000222e-01,3.000000000000000000e+00,1.000000000000000056e-01
6.879999999999999716e+01,9.696834875659182673e-01,9.000000000000000222e-01,3.000000000000000000e+00,1.000000000000000056e-01
6.900000000000000000e+01,1.016734181655547520e+00,9.000000000000000222e-01,3.000000000000000000e+00,1.000000000000000056e-01
6.920000000000000284e+01,9.746783988787884878e-01,9.000000000000000222e-01,3.000000000000000000e+00,1.000000000000000056e-01
6.940000000000000568e+01,9.849325725049723479e-01,9.000000000000000222e-01,3.000000000000000000e+00,1.000000000000000056e-01
6.960000000000000853e+01,9.432459982949654709e-01,9.000000000000000222e-01,3.000000000000000000e+00,1.000000000000000056e-01
6.979999999999999716e+01,8.883697941501300654e-01,9.000000000000000222e-01,3.000000000000000000e+00,1.000000000000000056e-01
7.000000000000000000e+01,9.468715017197367745e-01,9.000000000000000222e-01,3.000000000000000000e+00,1.000000000000000056e-01
7.020000000000000284e+01,9.014126464558768204e-01,9.000000000000000222e-01,3.000000000000000000e+00,1.000000000000000056e-01
7.040000000000000568e+01,8.783935845524593056e-01,9.000000000000000222e-01,3.000000000000000000e+00,1.000000000000000056e-01
7.060000000000000853e+01,8.407685657047950789e-01,9.000000000000000222e-01,3.000000000000000000e+00,1.000000000000000056e-01
7.079999999999999716e+01,9.310187216002224764e-01,9.000000000000000222e-01,3.000000000000000000e+00,1.000000000000000056e-01
7.100000000000000000e+01,9.287514680909563225e-01,9.000000000000000222e-01,3.000000000000000000e+00,1.000000000000000056e-01
7.120000000000000284e+01,8.846508781023825208e-01,9.000000000000000222e-01,3.000000000000000000e+00,1.000000000000000056e-01
7.140000000000000568e+01,9.301410623526187305e-01,9.000000000000000222e-01,3.000000000000000000e+00,1.000000000000000056e-01
7.160000000000000853e+01,8.489669023593268138e-01,9.000000000000000222e-01,7.000000000000000000e+00,1.000000000000000056e-01
7.179999999999999716e+01,8.717336950491813008e-01,9.000000000000000222e-01,7.000000000000000000e+00,1.000000000000000056e-01
7.200000000000000000e+01,9.320977191664355788e-01,9.000000000000000222e-01,7.000000000000000000e+00,1.000000000000000056e-01
7.220000000000000284e+01,9.803903865837746423e-01,9.000000000000000222e-01,7.000000000000000000e+00,1.000000000000000056e-01
7.240000000000000568e+01,9.024944473060269035e-01,9.000000000000000222e-01,7.000000000000000000e+00,1.000000000000000056e-01
7.260000000000000853e+01,8.111802660493930839e-01,9.000000000000000222e-01,7.000000000000000000e+00,1.000000000000000056e-01
7.279999999999999716e+01,9.692961856470490023e-01,9.000000000000000222e-01,7.000000000000000000e+00,1.000000000000000056e-01
7.300000000000000000e+01,8.432197412779356416e-01,9.000000000000000222e-01,7.000000000000000000e+00,1.000000000000000056e-01
7.320000000000000284e+01,9.238437268404585678e-01,9.000000000000000222e-01,7.000000000000000000e+00,1.000000000000000056e-01
7.340000000000000568e+01,8.996894615898225478e-01,9.000000000000000222e-01,7.000000000000000000e+00,1.000000000000000056e-01
7.360000000000000853e+01,1.077292393033865148e+00,1.000000000000000000e+00,7.000000000000000000e+00,1.000000000000000056e-01
7.379999999999999716e+01,1.002994485293802640e+00,1.000000000000000000e+00,7.000000000000000000e+00,1.000000000000000056e-01
7.400000000000000000e+01,1.084033127952749309e+00,1.000000000000000000e+00,7.000000000000000000e+00,2.999999999999999889e-01
7.420000000000000284e+01,1.027184542510848120e+00,1.000000000000000000e+00,7.000000000000000000e+00,2.999999999999999889e-01
7.440000000000000568e+01,9.915433089839881253e-01,1.000000000000000000e+00,7.000000000000000000e+00,2.999999999999999889e-01
7.460000000000000853e+01,1.014480157735313082e+00,1.000000000000000000e+00,7.000000000000000000e+00,2.999999999999999889e-01
7.479999999999999716e+01,9.717678719520871367e-01,1.000000000000000000e+00,7.000000000000000000e+00,2.999999999999999889e-01
7.500000000000000000e+01,1.078995327836467677e+00,1.000000000000000000e+00,7.000000000000000000e+00,2.999999999999999889e-01
7.520000000000000284e+01,1.104789446074179393e+00,1.000000000000000000e+00,7.000000000000000000e+00,2.999999999999999889e-01
7.540000000000000568e+01,9.370483547228880550e-01,1.000000000000000000e+00,7.000000000000000000e+00,2.999999999999999889e-01
7.560000000000000853e+01,9.817682255050349527e-01,1.000000000000000000e+00,7.000000000000000000e+00,2.999999999999999889e-01
7.579999999999999716e+01,8.414804143233380884e-01,1.000000000000000000e+00,7.000000000000000000e+00,2.999999999999999889e-01
7.600000000000000000e+01,1.071527805812083844e+00,1.000000000000000000e+00,7.000000000000000000e+00,2.999999999999999889e-01
7.620000000000000284e+01,1.260211212752509358e+00,1.000000000000000000e+00,7.000000000000000000e+00,2.999999999999999889e-01
7.640000000000000568e+01,9.539636824644228685e-01,1.000000000000000000e+00,7.000000000000000000e+00,2.999999999999999889e-01
7.660000000000000853e+01,1.089678011593242735e+00,1.000000000000000000e+00,7.000000000000000000e+00,2.999999999999999889e-01
7.680000000000001137e+01,9.042606988975201432e-01,1.000000000000000000e+00,7.000000000000000000e+00,2.999999999999999889e-01
7.700000000000000000e+01,9.553347070378200856e-01,1.000000000000000000e+00,7.000000000000000000e+00,2.999999999999999889e-01
7.720000000000000284e+01,8.425017607863208857e-01,1.000000000000000000e+00,7.000000000000000000e+00,2.999999999999999889e-01
7.740000000000000568e+01,1.117379710130403048e+00,1.000000000000000000e+00,7.000000000000000000e+00,2.999999999999999889e-01
7.760000000000000853e+01,9.022129744627489512e-01,1.000000000000000000e+00,7.000000000000000000e+00,2.999999999999999889e-01
7.780000000000001137e+01,9.641786009272091951e-01,1.000000000000000000e+00,7.000000000000000000e+00,2.999999999999999889e-01
7.800000000000000000e+01,8.962347085454338558e-01,1.000000000000000000e+00,7.000000000000000000e+00,2.999999999999999889e-01
7.820000000000000284e+01,1.094405928346958934e+00,1.000000000000000000e+00,7.000000000000000000e+00,2.999999999999999889e-01
7.840000000000000568e+01,1.012090225523763376e+00,1.000000000000000000e+00,7.000000000000000000e+00,2.999999999999999889e-01
7.860000000000000853e+01,1.149918116553405589e+00,1.000000000000000000e+00,7.000000000000000000e+00,2.999999999999999889e-01
7.880000000000001137e+01,9.622094421626394833e-01,1.000000000000000000e+00,7.000000000000000000e+00,2.999999999999999889e-01
7.900000000000000000e+01,9.963872016551575950e-01,1.000000000000000000e+00,7.000000000000000000e+00,2.999999999999999889e-01
7.920000000000000284e+01,1.012906773866712795e+00,1.000000000000000000e+00,7.000000000000000000e+00,2.999999999999999889e-01
7.940000000000000568e+01,1.162735895687019072e+00,1.000000000000000000e+00,7.000000000000000000e+00,2.999999999999999889e-01
7.960000000000000853e+01,1.007088215013014931e+00,1.000000000000000000e+00,7.000000000000000000e+00,2.999999999999999889e-01
7.980000000000001137e+01,8.220632261693263665e-01,1.000000000000000000e+00,7.000000000000000000e+00,2.999999999999999889e-01
8.000000000000000000e+01,1.141533660956752572e+00,1.000000000000000000e+00,7.000000000000000000e+00,2.999999999999999889e-01
8.020000000000000284e+01,8.983317739559488757e-01,1.000000000000000000e+00,7.000000000000000000e+00,2.999999999999999889e-01
8.040000000000000568e+01,9.946398705600889567e-01,1.000000000000000000e+00,7.000000000000000000e+00,2.999999999999999889e-01
8.060000000000000853e+01,8.272180672417630554e-01,1.000000000000000000e+00,7.000000000000000000e+00,2.999999999999999889e-01
8.080000000000001137e+01,1.020374723043474763e+00,1.000000000000000000e+00,7.000000000000000000e+00,2.999999999999999889e-01
8.100000000000000000e+01,1.080584096704928054e+00,1.000000000000000000e+00,7.000000000000000000e+00,2.999999999999999889e-01
8.120000000000000284e+01,8.793481415588897399e-01,1.000000000000000000e+00,7.000000000000000000e+00,2.999999999999999889e-01
8.140000000000000568e+01,1.008167167363867023e+00,1.000000000000000000e+00,7.000000000000000000e+00,2.999999999999999889e-01
8.160000000000000853e+01,9.372230216824292137e-01,1.000000000000000000e+00,7.000000000000000000e+00,2.999999999999999889e-01
8.180000000000001137e+01,1.139315055433967494e+00,1.000000000000000000e+00,7.000000000000000000e+00,2.999999999999999889e-01
8.200000000000000000e+01,9.787233758676046058e-01,1.000000000000000000e+00,7.000000000000000000e+00,2.999999999999999889e-01
8.220000000000000284e+01,1.174637146545063127e+00,1.000000000000000000e+00,7.000000000000000000e+00,2.999999999999999889e-01
8.240000000000000568e+01,1.072324907856377019e+00,1.000000000000000000e+00,7.000000000000000000e+00,2.999999999999999889e-01
8.260000000000000853e+01,1.052887949218580754e+00,1.000000000000000000e+00,7.000000000000000000e+00,2.999999999999999889e-01
8.280000000000001137e+01,1.063551836645619586e+00,1.000000000000000000e+00,7.000000000000000000e+00,2.999999999999999889e-01
8.300000000000000000e+01,1.001437050379346161e+00,1.000000000000000000e+00,7.000000000000000000e+00,2.999999999999999889e-01
8.320000000000000284e+01,1.064604230786885264e+00,1.000000000000000000e+00,7.000000000000000000e+00,2.999999999999999889e-01
8.340000000000000568e+01,1.089761102322049702e+00,1.000000000000000000e+00,7.000000000000000000e+00,2.999999999999999889e-01
8.360000000000000853e+01,1.063722494308738664e+00,1.000000000000000000e+00,7.000000000000000000e+00,2.999999999999999889e-01
8.380000000000001137e+01,1.148929873901820553e+00,1.000000000000000000e+00,7.000000000000000000e+00,2.999999999999999889e-01
8.400000000000000000e+01,9.167057005735614883e-01,1.000000000000000000e+00,7.000000000000000000e+00,2.999999999999999889e-01
8.420000000000000284e+01,9.357776640018125036e-01,1.000000000000000000e+00,7.000000000000000000e+00,2.999999999999999889e-01
8.440000000000000568e+01,1.043205361041608104e+00,1.000000000000000000e+00,7.000000000000000000e+00,2.999999999999999889e-01
8.460000000000000853e+01,9.895211709637370401e-01,1.000000000000000000e+00,7.000000000000000000e+00,2.999999999999999889e-01
8.480000000000001137e+01,1.059107877860721914e+00,1.000000000000000000e+00,7.000000000000000000e+00,2.999999999999999889e-01
8.500000000000000000e+01,9.286920460369099128e-01,1.000000000000000000e+00,7.000000000000000000e+00,2.999999999999999889e-01
8.520000000000000284e+01,1.405462122779495449e+00,1.000000000000000000e+00,7.000000000000000000e+00,2.999999999999999889e-01
8.540000000000000568e+01,7.319997592760968397e-01,1.000000000000000000e+00,7.000000000000000000e+00,2.999999999999999889e-01
8.560000000000000853e+01,1.191290165597192363e+00,1.000000000000000000e+00,7.000000000000000000e+00,2.999999999999999889e-01
8.580000000000001137e+01,9.431084352171767993e-01,1.000000000000000000e+00,7.000000000000000000e+00,2.999999999999999889e-01
8.600000000000000000e+01,8.646406963639031718e-01,1.000000000000000000e+00,7.000000000000000000e+00,2.999999999999999889e-01
8.620000000000000284e+01,1.125766798489122866e+00,1.000000000000000000e+00,7.000000000000000000e+00,2.999999999999999889e-01
8.640000000000000568e+01,1.042479021613247125e+00,1.000000000000000000e+00,7.000000000000000000e+00,2.999999999999999889e-01
8.660000000000000853e+01,1.153679917282423029e+00,1.000000000000000000e+00,7.000000000000000000e+00,2.999999999999999889e-01
8.680000000000001137e+01,1.017942558103644313e+00,1.000000000000000000e+00,7.000000000000000000e+00,2.999999999999999889e-01
8.700000000000000000e+01,9.307657110209125451e-01,1.000000000000000000e+00,7.000000000000000000e+00,2.999999999999999889e-01
8.720000000000000284e+01,9.647113958946351708e-01,1.000000000000000000e+00,7.000000000000000000e+00,2.999999999999999889e-01
8.740000000000000568e+01,1.113742790381173187e+00,1.000000000000000000e+00,7.000000000000000000e+00,2.999999999999999889e-01
8.760000000000000853e+01,1.077299377414692616e+00,1.000000000000000000e+00,7.000000000000000000e+00,2.999999999999999889e-01
8.780000000000001137e+01,9.908628171779936267e-01,1.000000000000000000e+00,7.000000000000000000e+00,1.000000000000000056e-01
8.800000000000000000e+01,1.020527476023747493e+00,1.000000000000000000e+00,7.000000000000000000e+00,1.000000000000000056e-01
8.820000000000000284e+01,1.012158209810342102e+00,1.000000000000000000e+00,7.000000000000000000e+00,1.000000000000000056e-01
8.840000000000000568e+01,1.055060966286713198e+00,1.000000000000000000e+00,7.000000000000000000e+00,1.000000000000000056e-01
8.860000000000000853e+01,1.029531057146371831e+00,1.000000000000000000e+00,7.000000000000000000e+00,1.000000000000000056e-01
8.880000000000001137e+01,9.840219791546546135e-01,1.000000000000000000e+00,7.000000000000000000e+00,1.000000000000000056e-01
8.900000000000000000e+01,1.000615634775886553e+00,1.000000000000000000e+00,7.000000000000000000e+00,1.000000000000000056e-01
8.920000000000000284e+01,1.018330490882306760e+00,1.000000000000000000e+00,7.000000000000000000e+00,1.000000000000000056e-01
8.940000000000000568e+01,1.060191918368480479e+00,1.000000000000000000e+00,7.000000000000000000e+00,1.000000000000000056e-01
8.960000000000000853e+01,8.919123771547622370e-01,1.000000000000000000e+00,7.000000000000000000e+00,1.000000000000000056e-01
8.980000000000001137e+01,1.034480342567728250e+00,1.000000000000000000e+00,7.000000000000000000e+00,1.000000000000000056e-01
9.000000000000000000e+01,9.577613989834919961e-01,1.000000000000000000e+00,7.000000000000000000e+00,1.000000000000000056e-01
9.020000000000000284e+01,9.520697283791306198e-01,1.000000000000000000e+00,7.000000000000000000e+00,1.000000000000000056e-01
9.040000000000000568e+01,1.053163503888120411e+00,1.000000000000000000e+00,7.000000000000000000e+00,1.000000000000000056e-01
9.060000000000000853e+01,9.488245577971883282e-01,1.000000000000000000e+00,7.000000000000000000e+00,1.000000000000000056e-01
9.080000000000001137e+01,9.564189996800085414e-01,1.000000000000000000e+00,7.000000000000000000e+00,1.000000000000000056e-01
9.100000000000000000e+01,1.054011498829482862e+00,1.000000000000000000e+00,7.000000000000000000e+00,1.000000000000000056e-01
9.120000000000000284e+01,9.778888990131272552e-01,1.000000000000000000e+00,7.000000000000000000e+00,1.000000000000000056e-01
9.140000000000000568e+01,9.923948173477863399e-01,1.000000000000000000e+00,7.000000000000000000e+00,1.000000000000000056e-01
9.160000000000000853e+01,1.033769600038054737e+00,1.000000000000000000e+00,7.000000000000000000e+00,1.000000000000000056e-01
9.180000000000001137e+01,8.824868937333752994e-01,1.000000000000000000e+00,7.000000000000000000e+00,1.000000000000000056e-01
9.200000000000000000e+01,1.112297373926529609e+00,1.000000000000000000e+00,7.000000000000000000e+00,1.000000000000000056e-01
9.220000000000000284e+01,1.046180647403553987e+00,1.000000000000000000e+00,7.000000000000000000e+00,1.000000000000000056e-01
9.240000000000000568e+01,9.829322499544780323e-01,1.000000000000000000e+00,7.000000000000000000e+00,1.000000000000000056e-01
9.260000000000000853e+01,1.052431972052632503e+00,1.000000000000000000e+00,7.000000000000000000e+00,1.000000000000000056e-01
9.280000000000001137e+01,1.009031566912646838e+00,1.000000000000000000e+00,7.000000000000000000e+00,1.000000000000000056e-01
9.300000000000000000e+01,1.059996473268951300e+00,1.000000000000000000e+00,7.000000000000000000e+00,1.000000000000000056e-01
9.320000000000000284e+01,1.032293890968571493e+00,1.000000000000000000e+00,3.000000000000000000e+00,1.000000000000000056e-01
9.340000000000000568e+01,1.064277172193439869e+00,1.000000000000000000e+00,3.000000000000000000e+00,1.000000000000000056e-01
9.360000000000000853e+01,1.008528045526263295e+00,1.000000000000000000e+00,3.000000000000000000e+00,1.000000000000000056e-01
9.380000000000001137e+01,1.053872228280075207e+00,1.000000000000000000e+00,3.000000000000000000e+00,1.000000000000000056e-01
9.400000000000000000e+01,6.809328305789346114e-01,1.000000000000000000e+00,3.000000000000000000e+00,2.999999999999999889e-01
9.420000000000000284e+01,9.489192773654873125e-01,1.000000000000000000e+00,3.000000000000000000e+00,2.999999999999999889e-01
9.440000000000000568e+01,8.222485865132667104e-01,1.100000000000000089e+00,3.000000000000000000e+00,2.999999999999999889e-01
9.460000000000000853e+01,1.126636541060321850e+00,1.100000000000000089e+00,3.000000000000000000e+00,2.999999999999999889e-01
9.480000000000001137e+01,1.207327885423609137e+00,1.100000000000000089e+00,3.000000000000000000e+00,2.999999999999999889e-01
9.500000000000000000e+01,1.268039470615415443e+00,1.100000000000000089e+00,3.000000000000000000e+00,2.999999999999999889e-01
9.520000000000000284e+01,1.034154374623248440e+00,1.100000000000000089e+00,3.000000000000000000e+00,2.999999999999999889e-01
9.540000000000000568e+01,1.092175787740883530e+00,1.100000000000000089e+00,3.000000000000000000e+00,2.999999999999999889e-01
9.560000000000000853e+01,1.144154134626899966e+00,1.100000000000000089e+00,3.000000000000000000e+00,2.999999999999999889e-01
9.580000000000001137e+01,1.395069626524549022e+00,1.100000000000000089e+00,3.000000000000000000e+00,2.999999999999999889e-01
9.600000000000000000e+01,1.194015584589098067e+00,1.100000000000000089e+00,3.000000000000000000e+00,2.999999999999999889e-01
9.620000000000000284e+01,1.027706525204787447e+00,1.100000000000000089e+00,3.000000000000000000e+00,2.999999999999999889e-01
9.640000000000000568e+01,1.143094792610185539e+00,1.100000000000000089e+00,3.000000000000000000e+00,2.999999999999999889e-01
9.660000000000000853e+01,1.396399423798722728e+00,1.100000000000000089e+00,3.000000000000000000e+00,2.999999999999999889e-01
9.680000000000001137e+01,1.256805590979611642e+00,1.100000000000000089e+00,3.000000000000000000e+00,2.999999999999999889e-01
9.700000000000000000e+01,9.942626266110516919e-01,1.100000000000000089e+00,7.000000000000000000e+00,2.999999999999999889e-01
9.720000000000000284e+01,1.189127224301798069e+00,1.100000000000000089e+00,7.000000000000000000e+00,2.999999999999999889e-01
9.740000000000000568e+01,1.013972564327896952e+00,1.100000000000000089e+00,7.000000000000000000e+00,2.999999999999999889e-01
9.760000000000000853e+01,1.297984371884022936e+00,1.100000000000000089e+00,7.000000000000000000e+00,2.999999999999999889e-01
9.780000000000001137e+01,1.280500224029631484e+00,1.100000000000000089e+00,7.000000000000000000e+00,2.999999999999999889e-01
9.800000000000000000e+01,1.019747111743134260e+00,1.100000000000000089e+00,7.000000000000000000e+00,2.999999999999999889e-01
9.820000000000000284e+01,1.204500147405174415e+00,1.100000000000000089e+00,7.000000000000000000e+00,2.999999999999999889e-01
9.840000000000000568e+01,7.108684780804936931e-01,1.100000000000000089e+00,7.000000000000000000e+00,2.999999999999999889e-01
9.860000000000000853e+01,1.121949959282918741e+00,1.100000000000000089e+00,7.000000000000000000e+00,2.999999999999999889e-01
9.880000000000001137e+01,1.007171221357745505e+00,1.100000000000000089e+00,7.000000000000000000e+00,2.999999999999999889e-01
9.900000000000000000e+01,1.041566744562400837e+00,1.100000000000000089e+00,7.000000000000000000e+00,2.999999999999999889e-01
9.920000000000000284e+01,1.312172562389249286e+00,1.100000000000000089e+00,7.000000000000000000e+00,2.999999999999999889e-01
9.940000000000000568e+01,9.287892151501349058e-01,1.100000000000000089e+00,7.000000000000000000e+00,2.999999999999999889e-01
9.960000000000000853e+01,1.252121263131940498e+00,1.100000000000000089e+00,7.000000000000000000e+00,2.999999999999999889e-01
9.980000000000001137e+01,1.137785155860102870e+00,1.100000000000000089e+00,7.000000000000000000e+00,2.999999999999999889e-01
1.000000000000000000e+02,1.092847895341375608e+00,1.100000000000000089e+00,7.000000000000000000e+00,2.999999999999999889e-01
1.002000000000000028e+02,1.178501555669607681e+00,1.100000000000000089e+00,7.000000000000000000e+00,2.999999999999999889e-01
1.004000000000000057e+02,1.121362643314916197e+00,1.100000000000000089e+00,7.000000000000000000e+00,2.999999999999999889e-01
1.006000000000000085e+02,1.014203664527099980e+00,1.100000000000000089e+00,7.000000000000000000e+00,2.999999999999999889e-01
1.008000000000000114e+02,9.747514587591808999e-01,1.100000000000000089e+00,7.000000000000000000e+00,2.999999999999999889e-01
1.010000000000000000e+02,1.035091231404922540e+00,1.100000000000000089e+00,7.000000000000000000e+00,2.999999999999999889e-01
1.012000000000000028e+02,1.161628780855488152e+00,1.100000000000000089e+00,7.000000000000000000e+00,2.999999999999999889e-01
1.014000000000000057e+02,1.100222955057557295e+00,1.100000000000000089e+00,7.000000000000000000e+00,2.999999999999999889e-01
1.016000000000000085e+02,1.000939074320793543e+00,1.100000000000000089e+00,7.000000000000000000e+00,2.999999999999999889e-01
1.018000000000000114e+02,1.108402852576320985e+00,1.100000000000000089e+00,7.000000000000000000e+00,2.999999999999999889e-01
1.020000000000000000e+02,1.171904703974953277e+00,1.100000000000000089e+00,7.000000000000000000e+00,2.999999999999999889e-01
1.022000000000000028e+02,9.252187584974298495e-01,1.100000000000000089e+00,7.000000000000000000e+00,2.999999999999999889e-01
1.024000000000000057e+02,1.159998763127184862e+00,1.100000000000000089e+00,7.000000000000000000e+00,2.999999999999999889e-01
1.026000000000000085e+02,1.235110046184125787e+00,1.100000000000000089e+00,7.000000000000000000e+00,2.999999999999999889e-01
1.028000000000000114e+02,9.050668401062053059e-01,1.100000000000000089e+00,7.000000000000000000e+00,2.999999999999999889e-01
1.030000000000000000e+02,1.042872649686939157e+00,1.100000000000000089e+00,7.000000000000000000e+00,2.999999999999999889e-01
1.032000000000000028e+02,1.287322560049748876e+00,1.100000000000000089e+00,7.000000000000000000e+00,2.999999999999999889e-01
1.034000000000000057e+02,9.849078198971190634e-01,1.100000000000000089e+00,7.000000000000000000e+00,2.999999999999999889e-01
1.036000000000000085e+02,1.246340563635807808e+00,1.100000000000000089e+00,7.000000000000000000e+00,2.999999999999999889e-01
1.038000000000000114e+02,9.329491274285269808e-01,1.100000000000000089e+00,7.000000000000000000e+00,2.999999999999999889e-01
1.040000000000000000e+02,1.280924912303587515e+00,1.100000000000000089e+00,7.000000000000000000e+00,2.999999999999999889e-01
1.042000000000000028e+02,1.306774537345844811e+00,1.100000000000000089e+00,3.000000000000000000e+00,2.999999999999999889e-01
1.044000000000000057e+02,1.206760966081432684e+00,1.100000000000000089e+00,3.000000000000000000e+00,2.999999999999999889e-01
1.046000000000000085e+02,1.190430841370027304e+00,1.100000000000000089e+00,3.000000000000000000e+00,2.999999999999999889e-01
1.048000000000000114e+02,1.189479501711832032e+00,1.100000000000000089e+00,3.000000000000000000e+00,2.999999999999999889e-01
1.050000000000000000e+02,1.220884084245095647e+00,1.100000000000000089e+00,3.000000000000000000e+00,2.999999999999999889e-01
1.052000000000000028e+02,1.073578139834477252e+00,1.100000000000000089e+00,3.000000000000000000e+00,2.999999999999999889e-01
1.054000000000000057e+02,9.895412986248695031e-01,1.100000000000000089e+00,3.000000000000000000e+00,2.999999999999999889e-01
1.056000000000000085e+02,1.052359302748232972e+00,1.100000000000000089e+00,3.000000000000000000e+00,2.999999999999999889e-01
1.058000000000000114e+02,1.149284383435883461e+00,1.100000000000000089e+00,3.000000000000000000e+00,2.999999999999999889e-01
1.060000000000000000e+02,1.111774459478657828e+00,1.100000000000000089e+00,3.000000000000000000e+00,2.999999999999999889e-01
1.062000000000000028e+02,1.200256560004894446e+00,1.100000000000000089e+00,3.000000000000000000e+00,2.999999999999999889e-01
1.064000000000000057e+02,1.123002182905752377e+00,1.100000000000000089e+00,3.000000000000000000e+00,2.999999999999999889e-01
1.066000000000000085e+02,1.081955057212661719e+00,1.100000000000000089e+00,3.000000000000000000e+00,2.999999999999999889e-01
1.068000000000000114e+02,1.082898202250346609e+00,1.100000000000000089e+00,3.000000000000000000e+00,2.999999999999999889e-01
1.070000000000000000e+02,1.177955642143125647e+00,1.100000000000000089e+00,3.000000000000000000e+00,2.999999999999999889e-01
1.072000000000000028e+02,1.077410039978598189e+00,1.100000000000000089e+00,3.000000000000000000e+00,2.999999999999999889e-01
1.074000000000000057e+02,8.593967216948642518e-01,1.100000000000000089e+00,3.000000000000000000e+00,2.999999999999999889e-01
1.076000000000000085e+02,1.082581849200261903e+00,1.100000000000000089e+00,3.000000000000000000e+00,2.999999999999999889e-01
1.078000000000000114e+02,1.124780216886816397e+00,1.100000000000000089e+00,3.000000000000000000e+00,2.999999999999999889e-01
1.080000000000000000e+02,9.257045919918941435e-01,1.100000000000000089e+00,3.000000000000000000e+00,2.999999999999999889e-01
1.082000000000000028e+02,1.083097888571369793e+00,1.100000000000000089e+00,3.000000000000000000e+00,2.999999999999999889e-01
1.084000000000000057e+02,1.455548144575006697e+00,1.100000000000000089e+00,3.000000000000000000e+00,2.999999999999999889e-01
1.086000000000000085e+02,1.194518822136980241e+00,1.100000000000000089e+00,3.000000000000000000e+00,2.999999999999999889e-01
1.088000000000000114e+02,1.367417308496974515e+00,1.100000000000000089e+00,3.000000000000000000e+00,2.999999999999999889e-01
1.090000000000000000e+02,1.270972804736117068e+00,1.100000000000000089e+00,3.000000000000000000e+00,2.999999999999999889e-01
1.092000000000000028e+02,1.302082879578457142e+00,1.100000000000000089e+00,3.000000000000000000e+00,2.999999999999999889e-01
1.094000000000000057e+02,1.235313817001725045e+00,1.100000000000000089e+00,3.000000000000000000e+00,2.999999999999999889e-01
1.096000000000000085e+02,1.129154840916495539e+00,1.100000000000000089e+00,3.000000000000000000e+00,2.999999999999999889e-01
1.098000000000000114e+02,1.168223698802610677e+00,1.100000000000000089e+00,3.000000000000000000e+00,2.999999999999999889e-01
1.100000000000000000e+02,1.229850860509967836e+00,1.100000000000000089e+00,3.000000000000000000e+00,2.999999999999999889e-01
1.102000000000000028e+02,1.192747990472201591e+00,1.100000000000000089e+00,3.000000000000000000e+00,2.999999999999999889e-01
1.104000000000000057e+02,1.162093948363072116e+00,1.100000000000000089e+00,3.000000000000000000e+00,2.999999999999999889e-01
1.106000000000000085e+02,8.008006119114701171e-01,1.100000000000000089e+00,3.000000000000000000e+00,2.999999999999999889e-01
1.108000000000000114e+02,8.530647348654589734e-01,1.100000000000000089e+00,3.000000000000000000e+00,2.999999999999999889e-01
1.110000000000000000e+02,9.562723543308246921e-01,1.100000000000000089e+00,3.000000000000000000e+00,2.999999999999999889e-01
1.112000000000000028e+02,9.980285515199295299e-01,1.100000000000000089e+00,3.000000000000000000e+00,2.999999999999999889e-01
1.114000000000000057e+02,9.820676727325754474e-01,1.100000000000000089e+00,3.000000000000000000e+00,2.999999999999999889e-01
1.116000000000000085e+02,1.094649003326564118e+00,1.100000000000000089e+00,3.000000000000000000e+00,2.999999999999999889e-01
1.118000000000000114e+02,1.146946363089627274e+00,1.100000000000000089e+00,3.000000000000000000e+00,2.999999999999999889e-01
1.120000000000000000e+02,1.043702667307484067e+00,1.100000000000000089e+00,3.000000000000000000e+00,2.999999999999999889e-01
1.122000000000000028e+02,1.008696945031051007e+00,1.100000000000000089e+00,3.000000000000000000e+00,2.999999999999999889e-01
1.124000000000000057e+02,1.249970123748988415e+00,1.100000000000000089e+00,3.000000000000000000e+00,2.999999999999999889e-01
1.126000000000000085e+02,1.135866035252770079e+00,1.100000000000000089e+00,3.000000000000000000e+00,2.999999999999999889e-01
1.128000000000000114e+02,8.719604158557905382e-01,1.100000000000000089e+00,3.000000000000000000e+00,2.999999999999999889e-01
1.130000000000000000e+02,8.581521172330650593e-01,1.100000000000000089e+00,3.000000000000000000e+00,2.999999999999999889e-01
1.132000000000000028e+02,1.049737842909496122e+00,1.100000000000000089e+00,3.000000000000000000e+00,2.999999999999999889e-01
1.134000000000000057e+02,1.129355044545275799e+00,1.100000000000000089e+00,3.000000000000000000e+00,2.999999999999999889e-01
1.136000000000000085e+02,1.303492473970621957e+00,1.100000000000000089e+00,3.000000000000000000e+00,2.999999999999999889e-01
1.138000000000000114e+02,1.238150942092928197e+00,1.100000000000000089e+00,3.000000000000000000e+00,2.999999999999999889e-01
1.140000000000000000e+02,1.280091578374613182e+00,1.100000000000000089e+00,3.000000000000000000e+00,2.999999999999999889e-01
1.142000000000000028e+02,1.164872039790229907e+00,1.100000000000000089e+00,3.000000000000000000e+00,2.999999999999999889e-01
1.144000000000000057e+02,1.275175851171668651e+00,1.100000000000000089e+00,3.000000000000000000e+00,2.999999999999999889e-01
1.146000000000000085e+02,1.201115849274545289e+00,1.100000000000000089e+00,3.000000000000000000e+00,2.999999999999999889e-01
1.148000000000000114e+02,1.140830595948527204e+00,1.100000000000000089e+00,3.000000000000000000e+00,2.999999999999999889e-01
1.150000000000000000e+02,1.202632350210902201e+00,1.100000000000000089e+00,3.000000000000000000e+00,2.999999999999999889e-01
1.152000000000000028e+02,1.240812623298506834e+00,1.100000000000000089e+00,3.000000000000000000e+00,2.999999999999999889e-01
1.154000000000000057e+02,1.108326825753465306e+00,1.100000000000000089e+00,3.000000000000000000e+00,2.999999999999999889e-01
1.156000000000000085e+02,9.794472671777527673e-01,1.100000000000000089e+00,3.000000000000000000e+00,2.999999999999999889e-01
1.158000000000000114e+02,1.290286839685312215e+00,1.100000000000000089e+00,3.000000000000000000e+00,2.999999999999999889e-01
1.160000000000000000e+02,1.162740636632672020e+00,1.100000000000000089e+00,3.000000000000000000e+00,2.999999999999999889e-01
1.162000000000000028e+02,1.213690915805650139e+00,1.100000000000000089e+00,3.000000000000000000e+00,2.999999999999999889e-01
1.164000000000000057e+02,1.210338456346095048e+00,1.100000000000000089e+00,3.000000000000000000e+00,2.999999999999999889e-01
1.166000000000000085e+02,1.228430510349376226e+00,1.100000000000000089e+00,3.000000000000000000e+00,2.999999999999999889e-01
1.168000000000000114e+02,1.238476917745789718e+00,1.100000000000000089e+00,3.000000000000000000e+00,2.999999999999999889e-01
1.170000000000000000e+02,1.254605464938068460e+00,1.100000000000000089e+00,3.000000000000000000e+00,2.999999999999999889e-01
1.172000000000000028e+02,1.275057289555663775e+00,1.100000000000000089e+00,3.000000000000000000e+00,2.999999999999999889e-01
1.174000000000000057e+02,1.210410358924353336e+00,1.100000000000000089e+00,3.000000000000000000e+00,2.999999999999999889e-01
1.176000000000000085e+02,1.131016039041807586e+00,1.100000000000000089e+00,3.000000000000000000e+00,2.999999999999999889e-01
1.178000000000000114e+02,1.197465680843318836e+00,1.100000000000000089e+00,3.000000000000000000e+00,2.999999999999999889e-01
1.180000000000000000e+02,1.183256694819667665e+00,1.100000000000000089e+00,3.000000000000000000e+00,2.999999999999999889e-01
1.182000000000000028e+02,1.067498245264744128e+00,1.100000000000000089e+00,3.000000000000000000e+00,2.999999999999999889e-01
1.184000000000000057e+02,9.314914282426856040e-01,1.100000000000000089e+00,3.000000000000000000e+00,2.999999999999999889e-01
1.186000000000000085e+02,1.068612815357298684e+00,1.100000000000000089e+00,3.000000000000000000e+00,1.000000000000000056e-01
1.188000000000000114e+02,1.134620618775597167e+00,1.100000000000000089e+00,3.000000000000000000e+00,1.000000000000000056e-01
1.190000000000000000e+02,1.167226767432998358e+00,1.100000000000000089e+00,3.000000000000000000e+00,1.000000000000000056e-01
1.192000000000000028e+02,1.128181279955407401e+00,1.100000000000000089e+00,3.000000000000000000e+00,1.000000000000000056e-01
1.194000000000000057e+02,1.106289830192271673e+00,1.100000000000000089e+00,3.000000000000000000e+00,1.000000000000000056e-01
1.196000000000000085e+02,1.182363703083376683e+00,1.100000000000000089e+00,3.000000000000000000e+00,1.000000000000000056e-01
1.198000000000000114e+02,1.041782952816734387e+00,1.100000000000000089e+00,3.000000000000000000e+00,1.000000000000000056e-01
1.200000000000000000e+02,1.021981240547941594e+00,1.100000000000000089e+00,3.000000000000000000e+00,2.999999999999999889e-01
1.202000000000000028e+02,9.998720965067373623e-01,1.100000000000000089e+00,3.000000000000000000e+00,2.999999999999999889e-01
1.204000000000000057e+02,1.088538879619987965e+00,1.100000000000000089e+00,3.000000000000000000e+00,2.999999999999999889e-01
1.206000000000000085e+02,9.512270172682413261e-01,1.100000000000000089e+00,3.000000000000000000e+00,2.999999999999999889e-01
1.208000000000000114e+02,1.028750708651593238e+00,9.000000000000000222e-01,3.000000000000000000e+00,2.999999999999999889e-01
1.210000000000000000e+02,9.027644737678248710e-01,9.000000000000000222e-01,3.000000000000000000e+00,2.999999999999999889e-01
1.212000000000000028e+02,9.030378634327240750e-01,9.000000000000000222e-01,7.000000000000000000e+00,2.999999999999999889e-01
1.214000000000000057e+02,8.807570058529980983e-01,9.000000000000000222e-01,7.000000000000000000e+00,2.999999999999999889e-01
1.216000000000000085e+02,9.529655442549336275e-01,9.000000000000000222e-01,7.000000000000000000e+00,2.999999999999999889e-01
1.218000000000000114e+02,8.987802991884861203e-01,9.000000000000000222e-01,3.000000000000000000e+00,2.999999999999999889e-01
1.220000000000000000e+02,1.017022685039883134e+00,9.000000000000000222e-01,3.000000000000000000e+00,2.999999999999999889e-01
1.222000000000000028e+02,8.721738886947716374e-01,9.000000000000000222e-01,3.000000000000000000e+00,2.999999999999999889e-01
1.224000000000000057e+02,8.939198677171421581e-01,9.000000000000000222e-01,3.000000000000000000e+00,1.000000000000000056e-01
1.226000000000000085e+02,8.620197732627074005e-01,9.000000000000000222e-01,3.000000000000000000e+00,1.000000000000000056e-01
1.228000000000000114e+02,9.819963145911041469e-01,9.000000000000000222e-01,3.000000000000000000e+00,1.000000000000000056e-01
1.230000000000000000e+02,1.003131377382348699e+00,9.000000000000000222e-01,3.000000000000000000e+00,1.000000000000000056e-01
1.232000000000000028e+02,8.318241290196738413e-01,9.000000000000000222e-01,3.000000000000000000e+00,1.000000000000000056e-01
1.234000000000000057e+02,8.659277963931286681e-01,9.000000000000000222e-01,3.000000000000000000e+00,1.000000000000000056e-01
1.236000000000000085e+02,8.664005391414681956e-01,9.000000000000000222e-01,3.000000000000000000e+00,1.000000000000000056e-01
1.238000000000000114e+02,9.201085355104126062e-01,9.000000000000000222e-01,3.000000000000000000e+00,1.000000000000000056e-01
1.240000000000000000e+02,9.345628502474723209e-01,9.000000000000000222e-01,3.000000000000000000e+00,1.000000000000000056e-01
1.242000000000000028e+02,8.612570625099749133e-01,9.000000000000000222e-01,3.000000000000000000e+00,1.000000000000000056e-01
1.244000000000000057e+02,9.318557798006398274e-01,9.000000000000000222e-01,3.000000000000000000e+00,1.000000000000000056e-01
1.246000000000000085e+02,1.032502444059946844e+00,9.000000000000000222e-01,3.000000000000000000e+00,1.000000000000000056e-01
1.248000000000000114e+02,9.276748917195865030e-01,9.000000000000000222e-01,3.000000000000000000e+00,1.000000000000000056e-01
1.250000000000000000e+02,8.979618944180990381e-01,9.000000000000000222e-01,3.000000000000000000e+00,1.000000000000000056e-01
1.252000000000000028e+02,8.250506529412362511e-01,9.000000000000000222e-01,3.000000000000000000e+00,1.000000000000000056e-01
1.254000000000000057e+02,9.047069397673113134e-01,9.000000000000000222e-01,3.000000000000000000e+00,1.000000000000000056e-01
1.256000000000000085e+02,9.269334305314675948e-01,9.000000000000000222e-01,3.000000000000000000e+00,1.000000000000000056e-01
1.258000000000000114e+02,8.644458237715673121e-01,9.000000000000000222e-01,3.000000000000000000e+00,1.000000000000000056e-01
1.260000000000000000e+02,9.870771656621089019e-01,9.000000000000000222e-01,3.000000000000000000e+00,1.000000000000000056e-01
1.262000000000000028e+02,9.512010649680973096e-01,9.000000000000000222e-01,3.000000000000000000e+00,1.000000000000000056e-01
1.264000000000000057e+02,9.224352236616826239e-01,9.000000000000000222e-01,3.000000000000000000e+00,1.000000000000000056e-01
1.266000000000000085e+02,9.732743351920513097e-01,9.000000000000000222e-01,3.000000000000000000e+00,1.000000000000000056e-01
1.268000000000000114e+02,8.393335027188641995e-01,9.000000000000000222e-01,3.000000000000000000e+00,1.000000000000000056e-01
1.270000000000000000e+02,8.985643279528294780e-01,9.000000000000000222e-01,3.000000000000000000e+00,1.000000000000000056e-01
1.272000000000000028e+02,9.056460091942428736e-01,9.000000000000000222e-01,3.000000000000000000e+00,1.000000000000000056e-01
1.274000000000000057e+02,9.081928543116265518e-01,9.000000000000000222e-01,3.000000000000000000e+00,1.000000000000000056e-01
1.276000000000000085e+02,9.627988189133342978e-01,9.000000000000000222e-01,3.000000000000000000e+00,1.000000000000000056e-01
1.278000000000000114e+02,9.441559196990320091e-01,9.000000000000000222e-01,3.000000000000000000e+00,1.000000000000000056e-01
1.280000000000000000e+02,8.261489779490494012e-01,9.000000000000000222e-01,3.000000000000000000e+00,1.000000000000000056e-01
1.282000000000000171e+02,8.577926753130271642e-01,9.000000000000000222e-01,3.000000000000000000e+00,1.000000000000000056e-01
1.284000000000000057e+02,9.150810448125523688e-01,9.000000000000000222e-01,3.000000000000000000e+00,1.000000000000000056e-01
1.285999999999999943e+02,9.921518201622985256e-01,9.000000000000000222e-01,3.000000000000000000e+00,1.000000000000000056e-01
1.288000000000000114e+02,9.161627904930125244e-01,9.000000000000000222e-01,3.000000000000000000e+00,1.000000000000000056e-01
1.290000000000000000e+02,8.653111465646381451e-01,9.000000000000000222e-01,3.000000000000000000e+00,1.000000000000000056e-01
1.292000000000000171e+02,7.928968060854300060e-01,9.000000000000000222e-01,3.000000000000000000e+00,1.000000000000000056e-01
1.294000000000000057e+02,9.609753143032488953e-01,9.000000000000000222e-01,7.000000000000000000e+00,1.000000000000000056e-01
1.295999999999999943e+02,8.633161695156175153e-01,9.000000000000000222e-01,7.000000000000000000e+00,1.000000000000000056e-01
1.298000000000000114e+02,8.600269247847717180e-01,9.000000000000000222e-01,7.000000000000000000e+00,1.000000000000000056e-01
1.300000000000000000e+02,8.214890236616031460e-01,9.000000000000000222e-01,7.000000000000000000e+00,1.000000000000000056e-01
1.302000000000000171e+02,8.989488279390709380e-01,9.000000000000000222e-01,7.000000000000000000e+00,1.000000000000000056e-01
1.304000000000000057e+02,8.807090754534910859e-01,9.000000000000000222e-01,7.000000000000000000e+00,1.000000000000000056e-01
1.305999999999999943e+02,9.521281044549988470e-01,9.000000000000000222e-01,7.000000000000000000e+00,1.000000000000000056e-01
1.308000000000000114e+02,9.561833317959613776e-01,9.000000000000000222e-01,7.000000000000000000e+00,1.000000000000000056e-01
1.310000000000000000e+02,8.307561751656860061e-01,9.000000000000000222e-01,7.000000000000000000e+00,1.000000000000000056e-01
1.312000000000000171e+02,9.205590104255511053e-01,9.000000000000000222e-01,7.000000000000000000e+00,1.000000000000000056e-01
1.314000000000000057e+02,8.478971393322497496e-01,9.000000000000000222e-01,7.000000000000000000e+00,1.000000000000000056e-01
1.315999999999999943e+02,9.618763009807402842e-01,9.000000000000000222e-01,7.000000000000000000e+00,1.000000000000000056e-01
1.318000000000000114e+02,8.694447826633457943e-01,9.000000000000000222e-01,7.000000000000000000e+00,1.000000000000000056e-01
1.320000000000000000e+02,8.704882463302607842e-01,9.000000000000000222e-01,7.000000000000000000e+00,1.000000000000000056e-01
1.322000000000000171e+02,9.135722740754436133e-01,9.000000000000000222e-01,7.000000000000000000e+00,1.000000000000000056e-01
1.324000000000000057e+02,8.549459925517908232e-01,9.000000000000000222e-01,7.000000000000000000e+00,1.000000000000000056e-01
1.325999999999999943e+02,9.413053679682563679e-01,9.000000000000000222e-01,7.000000000000000000e+00,1.000000000000000056e-01
1.328000000000000114e+02,7.957365198636907611e-01,9.000000000000000222e-01,7.000000000000000000e+00,1.000000000000000056e-01
1.330000000000000000e+02,9.758145405074030165e-01,9.000000000000000222e-01,7.000000000000000000e+00,1.000000000000000056e-01
1.332000000000000171e+02,9.103934375801421286e-01,9.000000000000000222e-01,7.000000000000000000e+00,1.000000000000000056e-01
1.334000000000000057e+02,1.088074626615261664e+00,1.000000000000000000e+00,7.000000000000000000e+00,1.000000000000000056e-01
1.335999999999999943e+02,1.008367389578449957e+00,1.000000000000000000e+00,7.000000000000000000e+00,1.000000000000000056e-01
1.338000000000000114e+02,1.049602665597546114e+00,1.000000000000000000e+00,7.000000000000000000e+00,1.000000000000000056e-01
1.340000000000000000e+02,1.027765135230950255e+00,1.000000000000000000e+00,3.000000000000000000e+00,1.000000000000000056e-01
1.342000000000000171e+02,1.012174266129084454e+00,1.000000000000000000e+00,3.000000000000000000e+00,1.000000000000000056e-01
1.344000000000000057e+02,1.025377022250316239e+00,1.000000000000000000e+00,3.000000000000000000e+00,1.000000000000000056e-01
1.345999999999999943e+02,1.040731685581105292e+00,1.000000000000000000e+00,3.000000000000000000e+00,1.000000000000000056e-01
1.348000000000000114e+02,9.775732005179952333e-01,1.000000000000000000e+00,3.000000000000000000e+00,1.000000000000000056e-01
1.350000000000000000e+02,9.805607109592171522e-01,1.000000000000000000e+00,3.000000000000000000e+00,2.999999999999999889e-01
1.352000000000000171e+02,1.116483004192456052e+00,1.000000000000000000e+00,3.000000000000000000e+00,2.999999999999999889e-01
1.354000000000000057e+02,1.075336196229803587e+00,1.000000000000000000e+00,3.000000000000000000e+00,2.999999999999999889e-01
1.355999999999999943e+02,9.005548166087036233e-01,1.000000000000000000e+00,3.000000000000000000e+00,2.999999999999999889e-01
1.358000000000000114e+02,7.404804262187814068e-01,1.000000000000000000e+00,3.000000000000000000e+00,2.999999999999999889e-01
1.360000000000000000e+02,1.009989699280801734e+00,1.000000000000000000e+00,3.000000000000000000e+00,2.999999999999999889e-01
1.362000000000000171e+02,1.149361043041607244e+00,1.000000000000000000e+00,3.000000000000000000e+00,2.999999999999999889e-01
1.364000000000000057e+02,9.764877830976670392e-01,1.000000000000000000e+00,3.000000000000000000e+00,2.999999999999999889e-01
1.365999999999999943e+02,7.876013884812329557e-01,1.000000000000000000e+00,3.000000000000000000e+00,2.999999999999999889e-01
1.368000000000000114e+02,1.043987914565653652e+00,1.000000000000000000e+00,3.000000000000000000e+00,2.999999999999999889e-01
1.370000000000000000e+02,1.195574849545494089e+00,1.000000000000000000e+00,3.000000000000000000e+00,2.999999999999999889e-01
1.372000000000000171e+02,1.177145662099725376e+00,1.000000000000000000e+00,3.000000000000000000e+00,2.999999999999999889e-01
1.374000000000000057e+02,1.090946982221284722e+00,1.000000000000000000e+00,3.000000000000000000e+00,2.999999999999999889e-01
1.375999999999999943e+02,1.059717410987089714e+00,1.000000000000000000e+00,3.000000000000000000e+00,1.000000000000000056e-01
1.378000000000000114e+02,1.050072032552045620e+00,1.000000000000000000e+00,3.000000000000000000e+00,1.000000000000000056e-01
1.380000000000000000e+02,9.810088134849186403e-01,1.000000000000000000e+00,3.000000000000000000e+00,1.000000000000000056e-01
1.382000000000000171e+02,1.048124551849628050e+00,1.000000000000000000e+00,3.000000000000000000e+00,1.000000000000000056e-01
1.384000000000000057e+02,9.980280926303919387e-01,1.000000000000000000e+00,3.000000000000000000e+00,1.000000000000000056e-01
1.385999999999999943e+02,1.006666398165481979e+00,1.000000000000000000e+00,3.000000000000000000e+00,1.000000000000000056e-01
1.388000000000000114e+02,9.858199625959916945e-01,1.000000000000000000e+00,3.000000000000000000e+00,1.000000000000000056e-01
1.390000000000000000e+02,1.057727236984166597e+00,1.000000000000000000e+00,3.000000000000000000e+00,1.000000000000000056e-01
1.392000000000000171e+02,9.771306635897951676e-01,1.000000000000000000e+00,3.000000000000000000e+00,1.000000000000000056e-01
1.394000000000000057e+02,9.407603487632705264e-01,1.000000000000000000e+00,3.000000000000000000e+00,1.000000000000000056e-01
1.395999999999999943e+02,9.908259642643985066e-01,1.000000000000000000e+00,3.000000000000000000e+00,1.000000000000000056e-01
1.398000000000000114e+02,1.007958560163403350e+00,1.000000000000000000e+00,3.000000000000000000e+00,1.000000000000000056e-01
1.400000000000000000e+02,9.818425501167526992e-01,1.000000000000000000e+00,3.000000000000000000e+00,1.000000000000000056e-01
1.402000000000000171e+02,1.000736078496082371e+00,1.000000000000000000e+00,3.000000000000000000e+00,1.000000000000000056e-01
1.404000000000000057e+02,1.022438087760540792e+00,1.000000000000000000e+00,3.000000000000000000e+00,1.000000000000000056e-01
1.405999999999999943e+02,1.058793019319734352e+00,1.000000000000000000e+00,3.000000000000000000e+00,1.000000000000000056e-01
1.408000000000000114e+02,9.257660648850363216e-01,1.000000000000000000e+00,7.000000000000000000e+00,1.000000000000000056e-01
1.410000000000000000e+02,1.048664820930895969e+00,1.000000000000000000e+00,7.000000000000000000e+00,1.000000000000000056e-01
1.412000000000000171e+02,9.907165531947973447e-01,1.000000000000000000e+00,7.000000000000000000e+00,1.000000000000000056e-01
1.414000000000000057e+02,1.022323596200598317e+00,1.000000000000000000e+00,7.000000000000000000e+00,1.000000000000000056e-01
1.415999999999999943e+02,1.039366819617589588e+00,1.000000000000000000e+00,7.000000000000000000e+00,1.000000000000000056e-01
1.418000000000000114e+02,9.609641123651533334e-01,1.000000000000000000e+00,7.000000000000000000e+00,1.000000000000000056e-01
1.420000000000000000e+02,1.108755002394294475e+00,1.000000000000000000e+00,7.000000000000000000e+00,1.000000000000000056e-01
1.422000000000000171e+02,9.645351510049519073e-01,1.000000000000000000e+00,7.000000000000000000e+00,1.000000000000000056e-01
1.424000000000000057e+02,9.880970113100513430e-01,1.000000000000000000e+00,7.000000000000000000e+00,1.000000000000000056e-01
1.425999999999999943e+02,9.862194713402574475e-01,1.000000000000000000e+00,7.000000000000000000e+00,1.000000000000000056e-01
1.428000000000000114e+02,1.009116940999936540e+00,1.000000000000000000e+00,7.000000000000000000e+00,1.000000000000000056e-01
1.430000000000000000e+02,1.027909341746179761e+00,1.000000000000000000e+00,7.000000000000000000e+00,1.000000000000000056e-01
1.432000000000000171e+02,9.846876656435954445e-01,1.000000000000000000e+00,7.000000000000000000e+00,1.000000000000000056e-01
1.434000000000000057e+02,9.460570395378337105e-01,1.000000000000000000e+00,7.000000000000000000e+00,1.000000000000000056e-01
1.435999999999999943e+02,1.049025766032785745e+00,1.000000000000000000e+00,7.000000000000000000e+00,1.000000000000000056e-01
1.438000000000000114e+02,9.483626074426354524e-01,1.000000000000000000e+00,7.000000000000000000e+00,1.000000000000000056e-01
1.440000000000000000e+02,1.079922135598791577e+00,1.000000000000000000e+00,7.000000000000000000e+00,1.000000000000000056e-01
1.442000000000000171e+02,1.011503111324872695e+00,1.000000000000000000e+00,7.000000000000000000e+00,1.000000000000000056e-01
1.444000000000000057e+02,9.430344290626236914e-01,1.000000000000000000e+00,7.000000000000000000e+00,1.000000000000000056e-01
1.445999999999999943e+02,1.021114307900681029e+00,1.000000000000000000e+00,7.000000000000000000e+00,1.000000000000000056e-01
1.448000000000000114e+02,9.446049041799350343e-01,1.000000000000000000e+00,7.000000000000000000e+00,1.000000000000000056e-01
1.450000000000000000e+02,1.023721509894081505e+00,1.000000000000000000e+00,7.000000000000000000e+00,1.000000000000000056e-01
1.452000000000000171e+02,1.001301577869378789e+00,1.000000000000000000e+00,7.000000000000000000e+00,1.000000000000000056e-01
1.454000000000000057e+02,9.935866853891148764e-01,1.000000000000000000e+00,7.000000000000000000e+00,1.000000000000000056e-01
1.455999999999999943e+02,1.010044567333883370e+00,1.000000000000000000e+00,7.000000000000000000e+00,1.000000000000000056e-01
1.458000000000000114e+02,1.117167007170406956e+00,1.000000000000000000e+00,7.000000000000000000e+00,1.000000000000000056e-01
1.460000000000000000e+02,9.869638101716834422e-01,1.000000000000000000e+00,7.000000000000000000e+00,1.000000000000000056e-01
1.462000000000000171e+02,9.414627006348691429e-01,1.000000000000000000e+00,7.000000000000000000e+00,1.000000000000000056e-01
1.464000000000000057e+02,9.763356629983610535e-01,1.000000000000000000e+00,7.000000000000000000e+00,1.000000000000000056e-01
1.465999999999999943e+02,1.019282755500893423e+00,1.000000000000000000e+00,7.000000000000000000e+00,1.000000000000000056e-01
1.468000000000000114e+02,1.019264617040549714e+00,1.000000000000000000e+00,7.000000000000000000e+00,1.000000000000000056e-01
1.470000000000000000e+02,1.017182124353584349e+00,1.000000000000000000e+00,7.000000000000000000e+00,1.000000000000000056e-01
1.472000000000000171e+02,9.387849605399051223e-01,1.000000000000000000e+00,7.000000000000000000e+00,1.000000000000000056e-01
1.474000000000000057e+02,1.085430793398783011e+00,1.000000000000000000e+00,7.000000000000000000e+00,1.000000000000000056e-01
1.475999999999999943e+02,1.028047300438620804e+00,1.000000000000000000e+00,7.000000000000000000e+00,1.000000000000000056e-01
1.478000000000000114e+02,9.285808682025284977e-01,1.000000000000000000e+00,7.000000000000000000e+00,1.000000000000000056e-01
1.480000000000000000e+02,1.065674755114180305e+00,1.000000000000000000e+00,7.000000000000000000e+00,1.000000000000000056e-01
1.482000000000000171e+02,9.603266791881082121e-01,1.000000000000000000e+00,7.000000000000000000e+00,1.000000000000000056e-01
1.484000000000000057e+02,1.039170868278599613e+00,1.000000000000000000e+00,7.000000000000000000e+00,1.000000000000000056e-01
1.485999999999999943e+02,1.033590366855940301e+00,1.000000000000000000e+00,7.000000000000000000e+00,1.000000000000000056e-01
1.488000000000000114e+02,9.944852461533865151e-01,1.000000000000000000e+00,7.000000000000000000e+00,1.000000000000000056e-01
1.490000000000000000e+02,1.064782109904105933e+00,1.000000000000000000e+00,7.000000000000000000e+00,1.000000000000000056e-01
1.492000000000000171e+02,9.440882620952069093e-01,1.000000000000000000e+00,7.000000000000000000e+00,1.000000000000000056e-01
1.494000000000000057e+02,1.028343286754922481e+00,1.000000000000000000e+00,7.000000000000000000e+00,1.000000000000000056e-01
1.495999999999999943e+02,1.009334604581049621e+00,1.000000000000000000e+00,7.000000000000000000e+00,1.000000000000000056e-01
1.498000000000000114e+02,1.028823349790265240e+00,1.000000000000000000e+00,7.000000000000000000e+00,1.000000000000000056e-01
1.500000000000000000e+02,9.698754392119133261e-01,1.000000000000000000e+00,7.000000000000000000e+00,1.000000000000000056e-01
1.502000000000000171e+02,9.568129895068158142e-01,1.000000000000000000e+00,7.000000000000000000e+00,1.000000000000000056e-01
1.504000000000000057e+02,9.855432813860054431e-01,1.000000000000000000e+00,7.000000000000000000e+00,1.000000000000000056e-01
1.505999999999999943e+02,1.008171097588456577e+00,1.000000000000000000e+00,7.000000000000000000e+00,1.000000000000000056e-01
1.508000000000000114e+02,9.732619301131014700e-01,1.000000000000000000e+00,7.000000000000000000e+00,1.000000000000000056e-01
1.510000000000000000e+02,1.118635128752670349e+00,1.000000000000000000e+00,7.000000000000000000e+00,1.000000000000000056e-01
1.512000000000000171e+02,1.002998007462097219e+00,1.000000000000000000e+00,7.000000000000000000e+00,1.000000000000000056e-01
1.514000000000000057e+02,9.455511341850121321e-01,1.000000000000000000e+00,7.000000000000000000e+00,1.000000000000000056e-01
1.515999999999999943e+02,1.191421579643761275e+00,1.000000000000000000e+00,7.000000000000000000e+00,2.999999999999999889e-01
1.518000000000000114e+02,8.929235076668264881e-01,1.000000000000000000e+00,7.000000000000000000e+00,2.999999999999999889e-01
1.520000000000000000e+02,8.186226062051661367e-01,1.000000000000000000e+00,7.000000000000000000e+00,2.999999999999999889e-01
1.522000000000000171e+02,1.080884090251697849e+00,1.000000000000000000e+00,7.000000000000000000e+00,2.999999999999999889e-01
1.524000000000000057e+02,1.131493778563969377e+00,1.000000000000000000e+00,7.000000000000000000e+00,2.999999999999999889e-01
1.525999999999999943e+02,9.273767226435061239e-01,1.000000000000000000e+00,7.000000000000000000e+00,2.999999999999999889e-01
1.528000000000000114e+02,8.794528667974584879e-01,1.000000000000000000e+00,7.000000000000000000e+00,2.999999999999999889e-01
1.530000000000000000e+02,1.128975636263918059e+00,1.000000000000000000e+00,7.000000000000000000e+00,2.999999999999999889e-01
1.532000000000000171e+02,7.201116407676056985e-01,1.000000000000000000e+00,7.000000000000000000e+00,2.999999999999999889e-01
1.534000000000000057e+02,1.124114629525933884e+00,1.000000000000000000e+00,7.000000000000000000e+00,2.999999999999999889e-01
1.536000000000000227e+02,7.143977174859845736e-01,1.000000000000000000e+00,7.000000000000000000e+00,2.999999999999999889e-01
1.538000000000000114e+02,9.954393518029542864e-01,1.000000000000000000e+00,7.000000000000000000e+00,2.999999999999999889e-01
1.540000000000000000e+02,1.043647475391964230e+00,1.000000000000000000e+00,7.000000000000000000e+00,2.999999999999999889e-01
1.542000000000000171e+02,1.052083796656732906e+00,1.000000000000000000e+00,7.000000000000000000e+00,2.999999999999999889e-01
1.544000000000000057e+02,1.096101896011860477e+00,1.000000000000000000e+00,7.000000000000000000e+00,2.999999999999999889e-01
1.546000000000000227e+02,8.414660764704802176e-01,1.000000000000000000e+00,7.000000000000000000e+00,2.999999999999999889e-01
1.548000000000000114e+02,9.073140128172346719e-01,1.000000000000000000e+00,7.000000000000000000e+00,2.999999999999999889e-01
1.550000000000000000e+02,9.128430146252844990e-01,1.000000000000000000e+00,7.000000000000000000e+00,2.999999999999999889e-01
1.552000000000000171e+02,8.961629166964040216e-01,1.000000000000000000e+00,7.000000000000000000e+00,2.999999999999999889e-01
1.554000000000000057e+02,6.850652605426684749e-01,1.000000000000000000e+00,7.000000000000000000e+00,2.999999999999999889e-01
1.556000000000000227e+02,1.038290224272699680e+00,1.000000000000000000e+00,7.000000000000000000e+00,2.999999999999999889e-01
1.558000000000000114e+02,8.598920465280859293e-01,1.000000000000000000e+00,7.000000000000000000e+00,2.999999999999999889e-01
1.560000000000000000e+02,9.635524564881443599e-01,1.000000000000000000e+00,7.000000000000000000e+00,2.999999999999999889e-01
1.562000000000000171e+02,9.275641461750951944e-01,1.000000000000000000e+00,7.000000000000000000e+00,2.999999999999999889e-01
1.564000000000000057e+02,6.150259341060961837e-01,1.000000000000000000e+00,7.000000000000000000e+00,2.999999999999999889e-01
1.566000000000000227e+02,1.150387294461327370e+00,1.000000000000000000e+00,7.000000000000000000e+00,2.999999999999999889e-01
1.568000000000000114e+02,7.105433308872765030e-01,1.000000000000000000e+00,7.000000000000000000e+00,2.999999999999999889e-01
1.570000000000000000e+02,1.128029653441528168e+00,1.000000000000000000e+00,7.000000000000000000e+00,2.999999999999999889e-01
1.572000000000000171e+02,9.294430413337320118e-01,1.000000000000000000e+00,7.000000000000000000e+00,2.999999999999999889e-01
1.574000000000000057e+02,1.355822308277415900e+00,1.000000000000000000e+00,7.000000000000000000e+00,2.999999999999999889e-01
1.576000000000000227e+02,1.003177635091394126e+00,1.000000000000000000e+00,7.000000000000000000e+00,2.999999999999999889e-01
1.578000000000000114e+02,1.001177990124023198e+00,1.000000000000000000e+00,7.000000000000000000e+00,2.999999999999999889e-01
1.580000000000000000e+02,9.592239521971269722e-01,1.000000000000000000e+00,7.000000000000000000e+00,2.999999999999999889e-01
1.582000000000000171e+02,1.141887874055814267e+00,1.000000000000000000e+00,7.000000000000000000e+00,2.999999999999999889e-01
1.584000000000000057e+02,9.555634308536400390e-01,1.000000000000000000e+00,7.000000000000000000e+00,2.999999999999999889e-01
1.586000000000000227e+02,8.837424345557470806e-01,1.000000000000000000e+00,7.000000000000000000e+00,2.999999999999999889e-01
1.588000000000000114e+02,1.011400891063877872e+00,1.000000000000000000e+00,7.000000000000000000e+00,2.999999999999999889e-01
1.590000000000000000e+02,8.166506809002685996e-01,1.000000000000000000e+00,7.000000000000000000e+00,2.999999999999999889e-01
1.592000000000000171e+02,1.353451682170740966e+00,1.000000000000000000e+00,7.000000000000000000e+00,2.999999999999999889e-01
1.594000000000000057e+02,9.686204391613826292e-01,1.000000000000000000e+00,7.000000000000000000e+00,2.999999999999999889e-01
1.596000000000000227e+02,9.686116019672614819e-01,1.000000000000000000e+00,7.000000000000000000e+00,2.999999999999999889e-01
1.598000000000000114e+02,1.315016550554660490e+00,1.100000000000000089e+00,7.000000000000000000e+00,2.999999999999999889e-01
1.600000000000000000e+02,1.073485476982269704e+00,1.100000000000000089e+00,7.000000000000000000e+00,2.999999999999999889e-01
1.602000000000000171e+02,1.189073248071898403e+00,1.100000000000000089e+00,7.000000000000000000e+00,2.999999999999999889e-01
1.604000000000000057e+02,1.381630797867254845e+00,1.100000000000000089e+00,7.000000000000000000e+00,2.999999999999999889e-01
1.606000000000000227e+02,1.281130027320272147e+00,1.100000000000000089e+00,7.000000000000000000e+00,2.999999999999999889e-01
1.608000000000000114e+02,1.145076907241114217e+00,1.100000000000000089e+00,7.000000000000000000e+00,2.999999999999999889e-01
1.610000000000000000e+02,1.055876150449674311e+00,1.100000000000000089e+00,7.000000000000000000e+00,2.999999999999999889e-01
1.612000000000000171e+02,1.218125748624487414e+00,1.100000000000000089e+00,7.000000000000000000e+00,2.999999999999999889e-01
1.614000000000000057e+02,9.856027579387842685e-01,1.100000000000000089e+00,7.000000000000000000e+00,2.999999999999999889e-01
1.616000000000000227e+02,1.090254068211064187e+00,1.100000000000000089e+00,7.000000000000000000e+00,2.999999999999999889e-01
1.618000000000000114e+02,1.005552733476854366e+00,1.100000000000000089e+00,7.000000000000000000e+00,2.999999999999999889e-01
1.620000000000000000e+02,1.331873906591782841e+00,1.100000000000000089e+00,7.000000000000000000e+00,2.999999999999999889e-01
1.622000000000000171e+02,8.819940971183122258e-01,1.100000000000000089e+00,7.000000000000000000e+00,2.999999999999999889e-01
1.624000000000000057e+02,8.629572677225133548e-01,1.100000000000000089e+00,7.000000000000000000e+00,2.999999999999999889e-01
1.626000000000000227e+02,1.259646431165544644e+00,1.100000000000000089e+00,7.000000000000000000e+00,2.999999999999999889e-01
1.628000000000000114e+02,1.322893921959562791e+00,1.100000000000000089e+00,7.000000000000000000e+00,2.999999999999999889e-01
1.630000000000000000e+02,1.012828761767869734e+00,1.100000000000000089e+00,7.000000000000000000e+00,2.999999999999999889e-01
1.632000000000000171e+02,1.204797392843056647e+00,1.100000000000000089e+00,7.000000000000000000e+00,2.999999999999999889e-01
1.634000000000000057e+02,1.215993537516834699e+00,1.100000000000000089e+00,7.000000000000000000e+00,2.999999999999999889e-01
1.636000000000000227e+02,1.029223823187133124e+00,1.100000000000000089e+00,7.000000000000000000e+00,2.999999999999999889e-01
1.638000000000000114e+02,1.241001691913423466e+00,1.100000000000000089e+00,7.000000000000000000e+00,2.999999999999999889e-01
1.640000000000000000e+02,9.129956150691032057e-01,1.100000000000000089e+00,7.000000000000000000e+00,2.999999999999999889e-01
1.642000000000000171e+02,9.593537519190122875e-01,1.100000000000000089e+00,7.000000000000000000e+00,2.999999999999999889e-01
1.644000000000000057e+02,1.218474954947896816e+00,1.100000000000000089e+00,7.000000000000000000e+00,2.999999999999999889e-01
1.646000000000000227e+02,1.269834222462578488e+00,1.100000000000000089e+00,7.000000000000000000e+00,2.999999999999999889e-01
1.648000000000000114e+02,1.227083488304543391e+00,1.100000000000000089e+00,7.000000000000000000e+00,2.999999999999999889e-01
1.650000000000000000e+02,9.660665306410629594e-01,1.100000000000000089e+00,7.000000000000000000e+00,2.999999999999999889e-01
1.652000000000000171e+02,1.290316580480255659e+00,1.100000000000000089e+00,7.000000000000000000e+00,2.999999999999999889e-01
1.654000000000000057e+02,8.038356178770600380e-01,1.100000000000000089e+00,7.000000000000000000e+00,2.999999999999999889e-01
1.656000000000000227e+02,1.347279822184038078e+00,1.100000000000000089e+00,7.000000000000000000e+00,2.999999999999999889e-01
1.658000000000000114e+02,1.037263206415018235e+00,1.100000000000000089e+00,7.000000000000000000e+00,2.999999999999999889e-01
1.660000000000000000e+02,1.097126562369818092e+00,1.100000000000000089e+00,7.000000000000000000e+00,2.999999999999999889e-01
1.662000000000000171e+02,1.195243181841147528e+00,1.100000000000000089e+00,7.000000000000000000e+00,2.999999999999999889e-01
1.664000000000000057e+02,9.602220730079382705e-01,1.100000000000000089e+00,7.000000000000000000e+00,2.999999999999999889e-01
1.666000000000000227e+02,1.142200275405158116e+00,1.100000000000000089e+00,3.000000000000000000e+00,2.999999999999999889e-01
1.668000000000000114e+02,9.950149200580098441e-01,1.100000000000000089e+00,3.000000000000000000e+00,2.999999999999999889e-01
1.670000000000000000e+02,1.124279928832429665e+00,1.100000000000000089e+00,3.000000000000000000e+00,2.999999999999999889e-01
1.672000000000000171e+02,1.150930184317995764e+00,1.100000000000000089e+00,7.000000000000000000e+00,2.999999999999999889e-01
1.674000000000000057e+02,1.027445490525444427e+00,1.100000000000000089e+00,7.000000000000000000e+00,2.999999999999999889e-01
1.676000000000000227e+02,8.869836840976703662e-01,1.100000000000000089e+00,7.000000000000000000e+00,2.999999999999999889e-01
1.678000000000000114e+02,1.113796357030799378e+00,1.100000000000000089e+00,7.000000000000000000e+00,2.999999999999999889e-01
1.680000000000000000e+02,1.077923974859321454e+00,1.100000000000000089e+00,7.000000000000000000e+00,2.999999999999999889e-01
1.682000000000000171e+02,1.269595162740168925e+00,1.100000000000000089e+00,7.000000000000000000e+00,2.999999999999999889e-01
1.684000000000000057e+02,1.005107138638336561e+00,1.100000000000000089e+00,7.000000000000000000e+00,2.999999999999999889e-01
1.686000000000000227e+02,1.029460602356237597e+00,1.100000000000000089e+00,7.000000000000000000e+00,2.999999999999999889e-01
1.688000000000000114e+02,1.152560196342399479e+00,1.100000000000000089e+00,7.000000000000000000e+00,2.999999999999999889e-01
1.690000000000000000e+02,1.206268233650205079e+00,1.100000000000000089e+00,7.000000000000000000e+00,2.999999999999999889e-01
1.692000000000000171e+02,1.015065859783289337e+00,1.100000000000000089e+00,7.000000000000000000e+00,2.999999999999999889e-01
1.694000000000000057e+02,1.121816488140177981e+00,1.100000000000000089e+00,7.000000000000000000e+00,2.999999999999999889e-01
1.696000000000000227e+02,9.255979482308711592e-01,1.100000000000000089e+00,7.000000000000000000e+00,2.999999999999999889e-01
1.698000000000000114e+02,1.081012418598905844e+00,1.100000000000000089e+00,7.000000000000000000e+00,2.999999999999999889e-01
1.700000000000000000e+02,1.341498909199314138e+00,1.100000000000000089e+00,7.000000000000000000e+00,2.999999999999999889e-01
1.702000000000000171e+02,7.335772804835591909e-01,1.100000000000000089e+00,7.000000000000000000e+00,2.999999999999999889e-01
1.704000000000000057e+02,1.281660693761796477e+00,1.100000000000000089e+00,7.000000000000000000e+00,2.999999999999999889e-01
1.706000000000000227e+02,1.093862893122075963e+00,1.100000000000000089e+00,7.000000000000000000e+00,2.999999999999999889e-01
1.708000000000000114e+02,9.474941575561269813e-01,1.100000000000000089e+00,7.000000000000000000e+00,2.999999999999999889e-01
1.710000000000000000e+02,1.088955247755155620e+00,1.100000000000000089e+00,7.000000000000000000e+00,2.999999999999999889e-01
1.712000000000000171e+02,1.268307553247604469e+00,1.100000000000000089e+00,7.000000000000000000e+00,2.999999999999999889e-01
1.714000000000000057e+02,1.090153576319850881e+00,1.100000000000000089e+00,7.000000000000000000e+00,2.999999999999999889e-01
1.716000000000000227e+02,1.077495485885943349e+00,1.100000000000000089e+00,7.000000000000000000e+00,2.999999999999999889e-01
1.718000000000000114e+02,8.343043308080340115e-01,1.100000000000000089e+00,7.000000000000000000e+00,2.999999999999999889e-01
1.720000000000000000e+02,8.346880463328679722e-01,1.100000000000000089e+00,7.000000000000000000e+00,2.999999999999999889e-01
1.722000000000000171e+02,1.157635697279050246e+00,1.100000000000000089e+00,7.000000000000000000e+00,2.999999999999999889e-01
1.724000000000000057e+02,7.837939077854918501e-01,1.100000000000000089e+00,7.000000000000000000e+00,2.999999999999999889e-01
1.726000000000000227e+02,1.153364606323322050e+00,1.100000000000000089e+00,7.000000000000000000e+00,2.999999999999999889e-01
1.728000000000000114e+02,1.059462865038092394e+00,1.100000000000000089e+00,7.000000000000000000e+00,2.999999999999999889e-01
1.730000000000000000e+02,1.113516012958813528e+00,1.100000000000000089e+00,7.000000000000000000e+00,2.999999999999999889e-01
1.732000000000000171e+02,1.017390304233584120e+00,1.100000000000000089e+00,7.000000000000000000e+00,2.999999999999999889e-01
1.734000000000000057e+02,1.210042082101562722e+00,1.100000000000000089e+00,7.000000000000000000e+00,2.999999999999999889e-01
1.736000000000000227e+02,1.047849892612007672e+00,1.100000000000000089e+00,7.000000000000000000e+00,2.999999999999999889e-01
1.738000000000000114e+02,1.214237035231581441e+00,1.100000000000000089e+00,7.000000000000000000e+00,2.999999999999999889e-01
1.740000000000000000e+02,1.254293908186827844e+00,1.100000000000000089e+00,7.000000000000000000e+00,2.999999999999999889e-01
1.742000000000000171e+02,1.014947990337086381e+00,1.100000000000000089e+00,7.000000000000000000e+00,2.999999999999999889e-01
1.744000000000000057e+02,1.016295420474334410e+00,1.100000000000000089e+00,7.000000000000000000e+00,2.999999999999999889e-01
1.746000000000000227e+02,1.381361545164865534e+00,1.100000000000000089e+00,7.000000000000000000e+00,2.999999999999999889e-01
1.748000000000000114e+02,1.146645194093921516e+00,1.100000000000000089e+00,7.000000000000000000e+00,2.999999999999999889e-01
1.750000000000000000e+02,8.823639181013254174e-01,1.100000000000000089e+00,7.000000000000000000e+00,2.999999999999999889e-01
1.752000000000000171e+02,1.114328519448868793e+00,1.100000000000000089e+00,7.000000000000000000e+00,2.999999999999999889e-01
1.754000000000000057e+02,1.053650360246483064e+00,1.100000000000000089e+00,7.000000000000000000e+00,2.999999999999999889e-01
1.756000000000000227e+02,1.206344111569084943e+00,1.100000000000000089e+00,7.000000000000000000e+00,2.999999999999999889e-01
1.758000000000000114e+02,8.274822581307623715e-01,9.000000000000000222e-01,7.000000000000000000e+00,1.000000000000000056e-01
1.760000000000000000e+02,9.505294294710769920e-01,9.000000000000000222e-01,7.000000000000000000e+00,1.000000000000000056e-01
1.762000000000000171e+02,1.205930490715159342e+00,1.100000000000000089e+00,7.000000000000000000e+00,1.000000000000000056e-01
1.764000000000000057e+02,1.071858541159495637e+00,1.100000000000000089e+00,7.000000000000000000e+00,1.000000000000000056e-01
1.766000000000000227e+02,1.124053492881864846e+00,1.100000000000000089e+00,7.000000000000000000e+00,1.000000000000000056e-01
1.768000000000000114e+02,1.036948701101482406e+00,1.100000000000000089e+00,7.000000000000000000e+00,1.000000000000000056e-01
1.770000000000000000e+02,1.097297285334344785e+00,1.100000000000000089e+00,7.000000000000000000e+00,1.000000000000000056e-01
1.772000000000000171e+02,1.038053929039553624e+00,1.100000000000000089e+00,7.000000000000000000e+00,1.000000000000000056e-01
1.774000000000000057e+02,1.231054213537164710e+00,1.100000000000000089e+00,7.000000000000000000e+00,1.000000000000000056e-01
1.776000000000000227e+02,1.038311822020203445e+00,1.100000000000000089e+00,7.000000000000000000e+00,1.000000000000000056e-01
1.778000000000000114e+02,1.174549953580413808e+00,1.100000000000000089e+00,7.000000000000000000e+00,1.000000000000000056e-01
1.780000000000000000e+02,1.014158096605886294e+00,1.100000000000000089e+00,7.000000000000000000e+00,1.000000000000000056e-01
1.782000000000000171e+02,1.120990568641420548e+00,1.100000000000000089e+00,7.000000000000000000e+00,1.000000000000000056e-01
1.784000000000000057e+02,1.085317880380040068e+00,1.100000000000000089e+00,7.000000000000000000e+00,1.000000000000000056e-01
1.786000000000000227e+02,1.116052100909824984e+00,1.100000000000000089e+00,7.000000000000000000e+00,1.000000000000000056e-01
1.788000000000000114e+02,1.028658369091014935e+00,1.100000000000000089e+00,7.000000000000000000e+00,1.000000000000000056e-01
1.790000000000000000e+02,1.092934217186603219e+00,1.100000000000000089e+00,7.000000000000000000e+00,1.000000000000000056e-01
1.792000000000000171e+02,1.124785653240645278e+00,1.100000000000000089e+00,7.000000000000000000e+00,1.000000000000000056e-01
1.794000000000000057e+02,1.052454261128753066e+00,1.100000000000000089e+00,7.000000000000000000e+00,1.000000000000000056e-01
1.796000000000000227e+02,1.124512979948281588e+00,1.100000000000000089e+00,7.000000000000000000e+00,1.000000000000000056e-01
1.798000000000000114e+02,9.660362433395475179e-01,1.000000000000000000e+00,7.000000000000000000e+00,1.000000000000000056e-01
1.800000000000000000e+02,1.061104998529160959e+00,1.000000000000000000e+00,7.000000000000000000e+00,1.000000000000000056e-01
1.802000000000000171e+02,9.841920969559323495e-01,1.000000000000000000e+00,7.000000000000000000e+00,1.000000000000000056e-01
1.804000000000000057e+02,9.709319562946890914e-01,1.000000000000000000e+00,7.000000000000000000e+00,1.000000000000000056e-01
1.806000000000000227e+02,8.688000979952149594e-01,1.000000000000000000e+00,7.000000000000000000e+00,2.999999999999999889e-01
1.808000000000000114e+02,9.005790157136261964e-01,1.000000000000000000e+00,7.000000000000000000e+00,2.999999999999999889e-01
1.810000000000000000e+02,8.964868672376367087e-01,1.000000000000000000e+00,7.000000000000000000e+00,2.999999999999999889e-01
1.812000000000000171e+02,1.133349869224350215e+00,1.000000000000000000e+00,7.000000000000000000e+00,2.999999999999999889e-01
1.814000000000000057e+02,1.113225510616895786e+00,1.000000000000000000e+00,7.000000000000000000e+00,2.999999999999999889e-01
1.816000000000000227e+02,1.019196574069879180e+00,1.000000000000000000e+00,7.000000000000000000e+00,2.999999999999999889e-01
1.818000000000000114e+02,8.581780500330418171e-01,1.000000000000000000e+00,7.000000000000000000e+00,2.999999999999999889e-01
1.820000000000000000e+02,1.099740500528824771e+00,1.000000000000000000e+00,7.000000000000000000e+00,1.000000000000000056e-01
1.822000000000000171e+02,1.034553571751376966e+00,1.000000000000000000e+00,7.000000000000000000e+00,1.000000000000000056e-01
1.824000000000000057e+02,9.954657970269910061e-01,1.000000000000000000e+00,7.000000000000000000e+00,1.000000000000000056e-01
1.826000000000000227e+02,9.705419721695486279e-01,1.000000000000000000e+00,7.000000000000000000e+00,1.000000000000000056e-01
1.828000000000000114e+02,1.083866176403755821e+00,1.000000000000000000e+00,7.000000000000000000e+00,1.000000000000000056e-01
1.830000000000000000e+02,9.605992270117235110e-01,1.000000000000000000e+00,7.000000000000000000e+00,1.000000000000000056e-01
1.832000000000000171e+02,1.002642019776060600e+00,1.000000000000000000e+00,7.000000000000000000e+00,1.000000000000000056e-01
1.834000000000000057e+02,1.039072347927048501e+00,1.000000000000000000e+00,7.000000000000000000e+00,1.000000000000000056e-01
1.836000000000000227e+02,8.062876616367491422e-01,9.000000000000000222e-01,7.000000000000000000e+00,1.000000000000000056e-01
1.838000000000000114e+02,9.177211398418887445e-01,9.000000000000000222e-01,7.000000000000000000e+00,1.000000000000000056e-01
1.840000000000000000e+02,9.200820856420397487e-01,9.000000000000000222e-01,7.000000000000000000e+00,1.000000000000000056e-01
1.842000000000000171e+02,9.133434394004867896e-01,9.000000000000000222e-01,7.000000000000000000e+00,1.000000000000000056e-01
1.844000000000000057e+02,8.902445666363079102e-01,9.000000000000000222e-01,7.000000000000000000e+00,1.000000000000000056e-01
1.846000000000000227e+02,8.783289352009535644e-01,9.000000000000000222e-01,7.000000000000000000e+00,1.000000000000000056e-01
1.848000000000000114e+02,9.043844356797616779e-01,9.000000000000000222e-01,7.000000000000000000e+00,1.000000000000000056e-01
1.850000000000000000e+02,8.715062199821729250e-01,9.000000000000000222e-01,7.000000000000000000e+00,1.000000000000000056e-01
1.852000000000000171e+02,8.942438198703615004e-01,9.000000000000000222e-01,7.000000000000000000e+00,1.000000000000000056e-01
1.854000000000000057e+02,9.741413501362509164e-01,9.000000000000000222e-01,7.000000000000000000e+00,1.000000000000000056e-01
1.856000000000000227e+02,9.125726878801808661e-01,9.000000000000000222e-01,7.000000000000000000e+00,1.000000000000000056e-01
1.858000000000000114e+02,8.513476574430488553e-01,9.000000000000000222e-01,7.000000000000000000e+00,1.000000000000000056e-01
1.860000000000000000e+02,9.516749463875948667e-01,9.000000000000000222e-01,7.000000000000000000e+00,1.000000000000000056e-01
1.862000000000000171e+02,8.440367273897255718e-01,9.000000000000000222e-01,7.000000000000000000e+00,1.000000000000000056e-01
1.864000000000000057e+02,9.197667507888365179e-01,9.000000000000000222e-01,7.000000000000000000e+00,1.000000000000000056e-01
1.866000000000000227e+02,9.174370043628036209e-01,9.000000000000000222e-01,7.000000000000000000e+00,1.000000000000000056e-01
1.868000000000000114e+02,9.170660374182472152e-01,9.000000000000000222e-01,7.000000000000000000e+00,1.000000000000000056e-01
1.870000000000000000e+02,9.541528543169753851e-01,9.000000000000000222e-01,7.000000000000000000e+00,1.000000000000000056e-01
1.872000000000000171e+02,8.473783430002169714e-01,9.000000000000000222e-01,7.000000000000000000e+00,1.000000000000000056e-01
1.874000000000000057e+02,8.967871906233624291e-01,9.000000000000000222e-01,7.000000000000000000e+00,1.000000000000000056e-01
1.876000000000000227e+02,9.167731612141576392e-01,9.000000000000000222e-01,7.000000000000000000e+00,1.000000000000000056e-01
1.878000000000000114e+02,9.400174371401814888e-01,9.000000000000000222e-01,7.000000000000000000e+00,1.000000000000000056e-01
1.880000000000000000e+02,8.952913803913946644e-01,9.000000000000000222e-01,7.000000000000000000e+00,1.000000000000000056e-01
1.882000000000000171e+02,9.322883139425740540e-01,9.000000000000000222e-01,7.000000000000000000e+00,1.000000000000000056e-01
1.884000000000000057e+02,9.492667904628500075e-01,9.000000000000000222e-01,7.000000000000000000e+00,1.000000000000000056e-01
1.886000000000000227e+02,8.959174940403429321e-01,9.000000000000000222e-01,7.000000000000000000e+00,1.000000000000000056e-01
1.888000000000000114e+02,9.560529098889047894e-01,9.000000000000000222e-01,7.000000000000000000e+00,1.000000000000000056e-01
1.890000000000000000e+02,9.142482447724953332e-01,9.000000000000000222e-01,7.000000000000000000e+00,1.000000000000000056e-01
1.892000000000000171e+02,8.337845308394878918e-01,9.000000000000000222e-01,7.000000000000000000e+00,1.000000000000000056e-01
1.894000000000000057e+02,9.743900298947785199e-01,9.000000000000000222e-01,7.000000000000000000e+00,1.000000000000000056e-01
1.896000000000000227e+02,8.336507450447627754e-01,9.000000000000000222e-01,7.000000000000000000e+00,1.000000000000000056e-01
1.898000000000000114e+02,8.935395785328653639e-01,9.000000000000000222e-01,7.000000000000000000e+00,1.000000000000000056e-01
1.900000000000000000e+02,8.909150155717538988e-01,9.000000000000000222e-01,7.000000000000000000e+00,1.000000000000000056e-01
1.902000000000000171e+02,8.442960728513213553e-01,9.000000000000000222e-01,7.000000000000000000e+00,1.000000000000000056e-01
1.904000000000000057e+02,9.076973215545200979e-01,9.000000000000000222e-01,7.000000000000000000e+00,1.000000000000000056e-01
1.906000000000000227e+02,8.967797056679519541e-01,9.000000000000000222e-01,7.000000000000000000e+00,1.000000000000000056e-01
1.908000000000000114e+02,1.029056902937683482e+00,1.000000000000000000e+00,7.000000000000000000e+00,1.000000000000000056e-01
1.910000000000000000e+02,9.646096704577780123e-01,1.000000000000000000e+00,7.000000000000000000e+00,1.000000000000000056e-01
1.912000000000000171e+02,9.628722413481426434e-01,1.000000000000000000e+00,7.000000000000000000e+00,1.000000000000000056e-01
1.914000000000000057e+02,1.013749173448646568e+00,1.000000000000000000e+00,7.000000000000000000e+00,1.000000000000000056e-01
1.916000000000000227e+02,9.845753065547255822e-01,1.000000000000000000e+00,7.000000000000000000e+00,1.000000000000000056e-01
1.918000000000000114e+02,9.700249361656740898e-01,1.000000000000000000e+00,7.000000000000000000e+00,1.000000000000000056e-01
1.920000000000000000e+02,1.022111190552741578e+00,1.000000000000000000e+00,7.000000000000000000e+00,1.000000000000000056e-01
1.922000000000000171e+02,9.898803777317702890e-01,1.000000000000000000e+00,7.000000000000000000e+00,1.000000000000000056e-01
1.924000000000000057e+02,9.549885012932669559e-01,1.000000000000000000e+00,7.000000000000000000e+00,1.000000000000000056e-01
1.926000000000000227e+02,9.281021145876657830e-01,1.000000000000000000e+00,7.000000000000000000e+00,1.000000000000000056e-01
1.928000000000000114e+02,1.069186996726096517e+00,1.000000000000000000e+00,7.000000000000000000e+00,1.000000000000000056e-01
1.930000000000000000e+02,7.786644555719705041e-01,1.000000000000000000e+00,7.000000000000000000e+00,2.999999999999999889e-01
1.932000000000000171e+02,1.011969690768061758e+00,1.000000000000000000e+00,7.000000000000000000e+00,2.999999999999999889e-01
1.934000000000000057e+02,1.207747752899701599e+00,1.000000000000000000e+00,7.000000000000000000e+00,2.999999999999999889e-01
1.936000000000000227e+02,8.403158230789566918e-01,1.000000000000000000e+00,7.000000000000000000e+00,2.999999999999999889e-01
1.938000000000000114e+02,1.039206975932417842e+00,1.000000000000000000e+00,7.000000000000000000e+00,2.999999999999999889e-01
1.940000000000000000e+02,1.131422419399671808e+00,1.000000000000000000e+00,7.000000000000000000e+00,2.999999999999999889e-01
1.942000000000000171e+02,1.026226606543603426e+00,1.000000000000000000e+00,7.000000000000000000e+00,2.999999999999999889e-01
1.944000000000000057e+02,9.512542536077439603e-01,1.000000000000000000e+00,7.000000000000000000e+00,2.999999999999999889e-01
1.946000000000000227e+02,1.265234297335322999e+00,1.000000000000000000e+00,7.000000000000000000e+00,2.999999999999999889e-01
1.948000000000000114e+02,9.533138520210007183e-01,1.000000000000000000e+00,7.000000000000000000e+00,2.999999999999999889e-01
1.950000000000000000e+02,1.134292253593461197e+00,1.000000000000000000e+00,7.000000000000000000e+00,2.999999999999999889e-01
1.952000000000000171e+02,1.011549939107729612e+00,1.000000000000000000e+00,7.000000000000000000e+00,2.999999999999999889e-01
1.954000000000000057e+02,9.477831241705072518e-01,1.000000000000000000e+00,7.000000000000000000e+00,2.999999999999999889e-01
1.956000000000000227e+02,1.013659281167262227e+00,1.000000000000000000e+00,7.000000000000000000e+00,1.000000000000000056e-01
1.958000000000000114e+02,1.004906800227911123e+00,1.000000000000000000e+00,7.000000000000000000e+00,1.000000000000000056e-01
1.960000000000000000e+02,1.006076728855009428e+00,1.000000000000000000e+00,7.000000000000000000e+00,1.000000000000000056e-01
1.962000000000000171e+02,9.359541019313656340e-01,1.000000000000000000e+00,7.000000000000000000e+00,1.000000000000000056e-01
1.964000000000000057e+02,9.882726989769484716e-01,1.000000000000000000e+00,7.000000000000000000e+00,1.000000000000000056e-01
1.966000000000000227e+02,9.517100126403224003e-01,1.000000000000000000e+00,7.000000000000000000e+00,2.999999999999999889e-01
1.968000000000000114e+02,1.002846171100896466e+00,1.000000000000000000e+00,7.000000000000000000e+00,2.999999999999999889e-01
1.970000000000000000e+02,1.215080773175155171e+00,1.000000000000000000e+00,7.000000000000000000e+00,2.999999999999999889e-01
1.972000000000000171e+02,1.138030396253467469e+00,1.000000000000000000e+00,7.000000000000000000e+00,2.999999999999999889e-01
1.974000000000000057e+02,9.621407393257828122e-01,1.000000000000000000e+00,7.000000000000000000e+00,2.999999999999999889e-01
1.976000000000000227e+02,1.160592063099135540e+00,1.000000000000000000e+00,7.000000000000000000e+00,2.999999999999999889e-01
1.978000000000000114e+02,8.311344801351907563e-01,1.000000000000000000e+00,7.000000000000000000e+00,2.999999999999999889e-01
1.980000000000000000e+02,8.565821882054658332e-01,1.000000000000000000e+00,7.000000000000000000e+00,2.999999999999999889e-01
1.982000000000000171e+02,9.862469145415910798e-01,1.000000000000000000e+00,7.000000000000000000e+00,2.999999999999999889e-01
1.984000000000000057e+02,9.357828857722841898e-01,1.000000000000000000e+00,7.000000000000000000e+00,2.999999999999999889e-01
1.986000000000000227e+02,1.033427241528062535e+00,1.000000000000000000e+00,7.000000000000000000e+00,2.999999999999999889e-01
1.988000000000000114e+02,9.099025073817813558e-01,1.000000000000000000e+00,7.000000000000000000e+00,2.999999999999999889e-01
1.990000000000000000e+02,1.116334607345589758e+00,1.000000000000000000e+00,7.000000000000000000e+00,2.999999999999999889e-01
1.992000000000000171e+02,8.531770416675730218e-01,1.000000000000000000e+00,7.000000000000000000e+00,2.999999999999999889e-01
1.994000000000000057e+02,1.165986108555928435e+00,1.000000000000000000e+00,7.000000000000000000e+00,2.999999999999999889e-01
1.996000000000000227e+02,1.096159476170794456e+00,1.000000000000000000e+00,7.000000000000000000e+00,2.999999999999999889e-01
1.998000000000000114e+02,1.277619336100642933e+00,1.000000000000000000e+00,7.000000000000000000e+00,2.999999999999999889e-01
2.000000000000000000e+02,9.250002425369325820e-01,1.000000000000000000e+00,7.000000000000000000e+00,2.999999999999999889e-01
2.002000000000000171e+02,1.239821211390915945e+00,1.000000000000000000e+00,7.000000000000000000e+00,2.999999999999999889e-01
2.004000000000000057e+02,8.909113478974759470e-01,1.000000000000000000e+00,7.000000000000000000e+00,2.999999999999999889e-01
2.006000000000000227e+02,1.182693245252234293e+00,1.000000000000000000e+00,7.000000000000000000e+00,2.999999999999999889e-01
2.008000000000000114e+02,1.136481523259637472e+00,1.000000000000000000e+00,7.000000000000000000e+00,2.999999999999999889e-01
2.010000000000000000e+02,1.003284327432305556e+00,1.000000000000000000e+00,7.000000000000000000e+00,2.999999999999999889e-01
2.012000000000000171e+02,9.160906824040716545e-01,1.000000000000000000e+00,7.000000000000000000e+00,2.999999999999999889e-01
2.014000000000000057e+02,1.099031899178918525e+00,1.000000000000000000e+00,7.000000000000000000e+00,2.999999999999999889e-01
2.016000000000000227e+02,9.123316688131425378e-01,1.000000000000000000e+00,7.000000000000000000e+00,2.999999999999999889e-01
2.018000000000000114e+02,8.147398519176115572e-01,1.000000000000000000e+00,7.000000000000000000e+00,2.999999999999999889e-01
2.020000000000000000e+02,9.503424784359548738e-01,1.000000000000000000e+00,7.000000000000000000e+00,2.999999999999999889e-01
2.022000000000000171e+02,9.986784887072041039e-01,1.000000000000000000e+00,7.000000000000000000e+00,2.999999999999999889e-01
2.024000000000000057e+02,1.091608351363605678e+00,1.000000000000000000e+00,7.000000000000000000e+00,2.999999999999999889e-01
2.026000000000000227e+02,1.046773483679485750e+00,1.000000000000000000e+00,7.000000000000000000e+00,2.999999999999999889e-01
2.028000000000000114e+02,9.930497082341006587e-01,1.000000000000000000e+00,7.000000000000000000e+00,2.999999999999999889e-01
2.030000000000000000e+02,1.215715118415221507e+00,1.000000000000000000e+00,7.000000000000000000e+00,2.999999999999999889e-01
2.032000000000000171e+02,9.937321911230554417e-01,1.000000000000000000e+00,7.000000000000000000e+00,2.999999999999999889e-01
2.034000000000000057e+02,1.343704385452383132e+00,1.000000000000000000e+00,3.000000000000000000e+00,2.999999999999999889e-01
2.036000000000000227e+02,1.044123188392889423e+00,1.000000000000000000e+00,3.000000000000000000e+00,2.999999999999999889e-01
2.038000000000000114e+02,1.075535427163478719e+00,1.000000000000000000e+00,3.000000000000000000e+00,2.999999999999999889e-01
2.040000000000000000e+02,9.489198127577014308e-01,1.000000000000000000e+00,3.000000000000000000e+00,2.999999999999999889e-01
2.042000000000000171e+02,1.101935276485934478e+00,1.000000000000000000e+00,3.000000000000000000e+00,2.999999999999999889e-01
2.044000000000000057e+02,1.089342286264051607e+00,1.000000000000000000e+00,3.000000000000000000e+00,2.999999999999999889e-01
2.046000000000000227e+02,8.179161512914391308e-01,1.000000000000000000e+00,3.000000000000000000e+00,2.999999999999999889e-01
2.048000000000000114e+02,1.029676221315133366e+00,1.000000000000000000e+00,3.000000000000000000e+00,2.999999999999999889e-01
2.050000000000000000e+02,8.516493558509218298e-01,1.000000000000000000e+00,3.000000000000000000e+00,2.999999999999999889e-01
2.052000000000000171e+02,1.021961627755370028e+00,1.000000000000000000e+00,3.000000000000000000e+00,2.999999999999999889e-01
2.054000000000000057e+02,8.982547683690450535e-01,1.000000000000000000e+00,3.000000000000000000e+00,2.999999999999999889e-01
2.056000000000000227e+02,9.009020340071026700e-01,1.000000000000000000e+00,3.000000000000000000e+00,2.999999999999999889e-01
2.058000000000000114e+02,1.140109519614958655e+00,1.000000000000000000e+00,3.000000000000000000e+00,2.999999999999999889e-01
2.060000000000000000e+02,8.440317173310396548e-01,1.000000000000000000e+00,3.000000000000000000e+00,2.999999999999999889e-01
2.062000000000000171e+02,9.854609451678626453e-01,1.000000000000000000e+00,3.000000000000000000e+00,2.999999999999999889e-01
2.064000000000000057e+02,9.794619445384301626e-01,1.000000000000000000e+00,3.000000000000000000e+00,2.999999999999999889e-01
2.066000000000000227e+02,1.064106506656860240e+00,1.000000000000000000e+00,3.000000000000000000e+00,1.000000000000000056e-01
2.068000000000000114e+02,1.037499350139782228e+00,1.000000000000000000e+00,3.000000000000000000e+00,1.000000000000000056e-01
2.070000000000000000e+02,1.039839641263542669e+00,1.000000000000000000e+00,3.000000000000000000e+00,1.000000000000000056e-01
2.072000000000000171e+02,1.048630672824996113e+00,1.000000000000000000e+00,3.000000000000000000e+00,1.000000000000000056e-01
2.074000000000000057e+02,1.041367032027265882e+00,1.000000000000000000e+00,3.000000000000000000e+00,1.000000000000000056e-01
2.076000000000000227e+02,9.909220851454871859e-01,1.000000000000000000e+00,3.000000000000000000e+00,1.000000000000000056e-01
2.078000000000000114e+02,9.957009902444488025e-01,1.000000000000000000e+00,3.000000000000000000e+00,1.000000000000000056e-01
2.080000000000000000e+02,9.720396312486233592e-01,1.000000000000000000e+00,3.000000000000000000e+00,1.000000000000000056e-01
2.082000000000000171e+02,9.571956965227369496e-01,1.000000000000000000e+00,3.000000000000000000e+00,1.000000000000000056e-01
2.084000000000000057e+02,9.770112481202329890e-01,1.000000000000000000e+00,3.000000000000000000e+00,1.000000000000000056e-01
2.086000000000000227e+02,9.989601182163743154e-01,1.000000000000000000e+00,3.000000000000000000e+00,1.000000000000000056e-01
2.088000000000000114e+02,1.065808177847171745e+00,1.000000000000000000e+00,3.000000000000000000e+00,1.000000000000000056e-01
2.090000000000000000e+02,9.739543324584154504e-01,1.000000000000000000e+00,3.000000000000000000e+00,1.000000000000000056e-01
2.092000000000000171e+02,1.017836391943798047e+00,1.000000000000000000e+00,3.000000000000000000e+00,1.000000000000000056e-01
2.094000000000000057e+02,1.039778566558031025e+00,1.000000000000000000e+00,3.000000000000000000e+00,1.000000000000000056e-01
2.096000000000000227e+02,1.057513142817867902e+00,1.000000000000000000e+00,3.000000000000000000e+00,1.000000000000000056e-01
2.098000000000000114e+02,1.008757112126585698e+00,1.000000000000000000e+00,3.000000000000000000e+00,1.000000000000000056e-01
2.100000000000000000e+02,1.096385491837638115e+00,1.000000000000000000e+00,3.000000000000000000e+00,1.000000000000000056e-01
2.102000000000000171e+02,1.031265762595696245e+00,1.000000000000000000e+00,3.000000000000000000e+00,1.000000000000000056e-01
2.104000000000000057e+02,1.011307203030756163e+00,1.000000000000000000e+00,3.000000000000000000e+00,1.000000000000000056e-01
2.106000000000000227e+02,1.011520361193334105e+00,1.000000000000000000e+00,3.000000000000000000e+00,1.000000000000000056e-01
2.108000000000000114e+02,8.988289913016355159e-01,1.000000000000000000e+00,3.000000000000000000e+00,1.000000000000000056e-01
2.110000000000000000e+02,9.907404763240791334e-01,1.000000000000000000e+00,3.000000000000000000e+00,1.000000000000000056e-01
2.112000000000000171e+02,9.568220032322878321e-01,1.000000000000000000e+00,3.000000000000000000e+00,1.000000000000000056e-01
2.114000000000000057e+02,9.510065659150663819e-01,1.000000000000000000e+00,3.000000000000000000e+00,1.000000000000000056e-01
2.116000000000000227e+02,9.835418728349517581e-01,1.000000000000000000e+00,3.000000000000000000e+00,1.000000000000000056e-01
2.118000000000000114e+02,9.553511388039952479e-01,1.000000000000000000e+00,3.000000000000000000e+00,1.000000000000000056e-01
2.120000000000000000e+02,9.717543796929505318e-01,1.000000000000000000e+00,3.000000000000000000e+00,1.000000000000000056e-01
2.122000000000000171e+02,1.021626836805628047e+00,1.000000000000000000e+00,3.000000000000000000e+00,1.000000000000000056e-01
2.124000000000000057e+02,1.002680890276218983e+00,1.000000000000000000e+00,3.000000000000000000e+00,1.000000000000000056e-01
2.126000000000000227e+02,9.399423884690807363e-01,1.000000000000000000e+00,3.000000000000000000e+00,1.000000000000000056e-01
2.128000000000000114e+02,9.649597177291608929e-01,1.000000000000000000e+00,3.000000000000000000e+00,1.000000000000000056e-01
2.130000000000000000e+02,9.872067970698906736e-01,1.000000000000000000e+00,3.000000000000000000e+00,1.000000000000000056e-01
2.132000000000000171e+02,1.026225581238160434e+00,1.000000000000000000e+00,3.000000000000000000e+00,1.000000000000000056e-01
2.134000000000000057e+02,9.622202759636137026e-01,1.000000000000000000e+00,3.000000000000000000e+00,1.000000000000000056e-01
2.136000000000000227e+02,9.834609199332231544e-01,1.000000000000000000e+00,3.000000000000000000e+00,1.000000000000000056e-01
2.138000000000000114e+02,8.895676450501932564e-01,1.000000000000000000e+00,3.000000000000000000e+00,1.000000000000000056e-01
2.140000000000000000e+02,9.614014516724839199e-01,1.000000000000000000e+00,3.000000000000000000e+00,1.000000000000000056e-01
2.142000000000000171e+02,9.743924957515550656e-01,1.000000000000000000e+00,3.000000000000000000e+00,1.000000000000000056e-01
2.144000000000000057e+02,9.290195600098849482e-01,1.000000000000000000e+00,3.000000000000000000e+00,1.000000000000000056e-01
2.146000000000000227e+02,9.574463496728383705e-01,1.000000000000000000e+00,3.000000000000000000e+00,1.000000000000000056e-01
2.148000000000000114e+02,8.639519384146149283e-01,1.000000000000000000e+00,3.000000000000000000e+00,2.999999999999999889e-01
2.150000000000000000e+02,9.865086755624798975e-01,1.000000000000000000e+00,3.000000000000000000e+00,2.999999999999999889e-01
2.152000000000000171e+02,1.323621659593957833e+00,1.000000000000000000e+00,3.000000000000000000e+00,2.999999999999999889e-01
2.154000000000000057e+02,1.230336339215135411e+00,1.000000000000000000e+00,3.000000000000000000e+00,2.999999999999999889e-01
2.156000000000000227e+02,1.253005201444065797e+00,1.000000000000000000e+00,3.000000000000000000e+00,2.999999999999999889e-01
2.158000000000000114e+02,1.231083477531774939e+00,9.000000000000000222e-01,3.000000000000000000e+00,2.999999999999999889e-01
2.160000000000000000e+02,9.664961745843824170e-01,9.000000000000000222e-01,3.000000000000000000e+00,2.999999999999999889e-01
2.162000000000000171e+02,8.287396260512556179e-01,9.000000000000000222e-01,3.000000000000000000e+00,2.999999999999999889e-01
2.164000000000000057e+02,8.153150932784393179e-01,9.000000000000000222e-01,3.000000000000000000e+00,2.999999999999999889e-01
2.166000000000000227e+02,7.364112488960480318e-01,9.000000000000000222e-01,3.000000000000000000e+00,2.999999999999999889e-01
2.168000000000000114e+02,9.390215560178274412e-01,9.000000000000000222e-01,3.000000000000000000e+00,2.999999999999999889e-01
2.170000000000000000e+02,9.673973949744989476e-01,9.000000000000000222e-01,3.000000000000000000e+00,2.999999999999999889e-01
2.172000000000000171e+02,1.000576207865937262e+00,9.000000000000000222e-01,3.000000000000000000e+00,2.999999999999999889e-01
2.174000000000000057e+02,9.765509749007073026e-01,9.000000000000000222e-01,3.000000000000000000e+00,2.999999999999999889e-01
2.176000000000000227e+02,9.332411088105782015e-01,9.000000000000000222e-01,3.000000000000000000e+00,2.999999999999999889e-01
2.178000000000000114e+02,7.978766311753449081e-01,9.000000000000000222e-01,3.000000000000000000e+00,2.999999999999999889e-01
2.180000000000000000e+02,6.770402521061198442e-01,9.000000000000000222e-01,3.000000000000000000e+00,2.999999999999999889e-01
2.182000000000000171e+02,8.202630344564221243e-01,9.000000000000000222e-01,3.000000000000000000e+00,2.999999999999999889e-01
2.184000000000000057e+02,1.029373103477356999e+00,9.000000000000000222e-01,3.000000000000000000e+00,2.999999999999999889e-01
2.186000000000000227e+02,1.188375248545824325e+00,9.000000000000000222e-01,3.000000000000000000e+00,2.999999999999999889e-01
2.188000000000000114e+02,1.135320224949982748e+00,9.000000000000000222e-01,3.000000000000000000e+00,2.999999999999999889e-01
2.190000000000000000e+02,7.454844177432561336e-01,9.000000000000000222e-01,3.000000000000000000e+00,2.999999999999999889e-01
2.192000000000000171e+02,7.306772632232712006e-01,9.000000000000000222e-01,3.000000000000000000e+00,2.999999999999999889e-01
2.194000000000000057e+02,8.532033827684918359e-01,9.000000000000000222e-01,3.000000000000000000e+00,2.999999999999999889e-01
2.196000000000000227e+02,1.021848112194571501e+00,9.000000000000000222e-01,3.000000000000000000e+00,2.999999999999999889e-01
2.198000000000000114e+02,8.996264882842630595e-01,9.000000000000000222e-01,3.000000000000000000e+00,1.000000000000000056e-01
2.200000000000000000e+02,9.250645479603327725e-01,9.000000000000000222e-01,3.000000000000000000e+00,1.000000000000000056e-01
2.202000000000000171e+02,9.087287970393335135e-01,9.000000000000000222e-01,3.000000000000000000e+00,1.000000000000000056e-01
2.204000000000000057e+02,9.183300972794152806e-01,9.000000000000000222e-01,3.000000000000000000e+00,1.000000000000000056e-01
2.206000000000000227e+02,9.057970207604414403e-01,9.000000000000000222e-01,3.000000000000000000e+00,1.000000000000000056e-01
2.208000000000000114e+02,8.619562236491106200e-01,9.000000000000000222e-01,3.000000000000000000e+00,1.000000000000000056e-01
2.210000000000000000e+02,8.843390187009920744e-01,9.000000000000000222e-01,3.000000000000000000e+00,1.000000000000000056e-01
2.212000000000000171e+02,8.685220864340156277e-01,9.000000000000000222e-01,3.000000000000000000e+00,1.000000000000000056e-01
2.214000000000000057e+02,8.025755968151748743e-01,9.000000000000000222e-01,3.000000000000000000e+00,1.000000000000000056e-01
2.216000000000000227e+02,9.394715158986649550e-01,9.000000000000000222e-01,3.000000000000000000e+00,1.000000000000000056e-01
2.218000000000000114e+02,9.579007730931934361e-01,9.000000000000000222e-01,3.000000000000000000e+00,1.000000000000000056e-01
2.220000000000000000e+02,8.503754791243048894e-01,9.000000000000000222e-01,3.000000000000000000e+00,1.000000000000000056e-01
2.222000000000000171e+02,8.884725422493656710e-01,9.000000000000000222e-01,3.000000000000000000e+00,1.000000000000000056e-01
2.224000000000000057e+02,8.709516121588070092e-01,9.000000000000000222e-01,3.000000000000000000e+00,1.000000000000000056e-01
2.226000000000000227e+02,9.214231597233223381e-01,9.000000000000000222e-01,7.000000000000000000e+00,1.000000000000000056e-01
2.228000000000000114e+02,9.168301303026580307e-01,9.000000000000000222e-01,7.000000000000000000e+00,1.000000000000000056e-01
2.230000000000000000e+02,8.203349287284329439e-01,9.000000000000000222e-01,7.000000000000000000e+00,1.000000000000000056e-01
2.232000000000000171e+02,9.486155426371927213e-01,9.000000000000000222e-01,7.000000000000000000e+00,1.000000000000000056e-01
2.234000000000000057e+02,9.541140045458809116e-01,9.000000000000000222e-01,7.000000000000000000e+00,1.000000000000000056e-01
2.236000000000000227e+02,9.179518890762815575e-01,9.000000000000000222e-01,7.000000000000000000e+00,1.000000000000000056e-01
2.238000000000000114e+02,8.686040057504111900e-01,9.000000000000000222e-01,7.000000000000000000e+00,1.000000000000000056e-01
2.240000000000000000e+02,8.802379296528872743e-01,9.000000000000000222e-01,7.000000000000000000e+00,1.000000000000000056e-01
2.242000000000000171e+02,8.119681131659842732e-01,9.000000000000000222e-01,7.000000000000000000e+00,1.000000000000000056e-01
2.244000000000000057e+02,9.814874929740151632e-01,9.000000000000000222e-01,7.000000000000000000e+00,1.000000000000000056e-01
2.246000000000000227e+02,8.539080813750791199e-01,9.000000000000000222e-01,7.000000000000000000e+00,1.000000000000000056e-01
2.248000000000000114e+02,8.896644581792105821e-01,9.000000000000000222e-01,3.000000000000000000e+00,1.000000000000000056e-01
2.250000000000000000e+02,9.230654030806211274e-01,9.000000000000000222e-01,3.000000000000000000e+00,1.000000000000000056e-01
2.252000000000000171e+02,9.225232228895440256e-01,9.000000000000000222e-01,3.000000000000000000e+00,1.000000000000000056e-01
2.254000000000000057e+02,9.039081025454860363e-01,9.000000000000000222e-01,3.000000000000000000e+00,1.000000000000000056e-01
2.256000000000000227e+02,8.962730056853643879e-01,9.000000000000000222e-01,3.000000000000000000e+00,1.000000000000000056e-01
2.258000000000000114e+02,8.923941644910933224e-01,9.000000000000000222e-01,3.000000000000000000e+00,1.000000000000000056e-01
2.260000000000000000e+02,9.295892276955122213e-01,9.000000000000000222e-01,3.000000000000000000e+00,1.000000000000000056e-01
2.262000000000000171e+02,8.720758007963131941e-01,9.000000000000000222e-01,3.000000000000000000e+00,1.000000000000000056e-01
2.264000000000000057e+02,9.525998641145835277e-01,9.000000000000000222e-01,3.000000000000000000e+00,1.000000000000000056e-01
2.266000000000000227e+02,8.976931871780938765e-01,9.000000000000000222e-01,3.000000000000000000e+00,1.000000000000000056e-01
2.268000000000000114e+02,9.225453881774270393e-01,1.100000000000000089e+00,3.000000000000000000e+00,1.000000000000000056e-01
2.270000000000000000e+02,9.744715754056304524e-01,1.100000000000000089e+00,3.000000000000000000e+00,1.000000000000000056e-01
2.272000000000000171e+02,1.033930863256156352e+00,1.100000000000000089e+00,3.000000000000000000e+00,1.000000000000000056e-01
2.274000000000000057e+02,1.102851022535519476e+00,1.100000000000000089e+00,3.000000000000000000e+00,1.000000000000000056e-01
2.276000000000000227e+02,1.115787739737283957e+00,1.100000000000000089e+00,3.000000000000000000e+00,1.000000000000000056e-01
2.278000000000000114e+02,1.107391174444671833e+00,1.100000000000000089e+00,3.000000000000000000e+00,1.000000000000000056e-01
2.280000000000000000e+02,1.114785548262916981e+00,1.100000000000000089e+00,3.000000000000000000e+00,1.000000000000000056e-01
2.282000000000000171e+02,1.086665903098170016e+00,1.100000000000000089e+00,3.000000000000000000e+00,1.000000000000000056e-01
2.284000000000000057e+02,1.002378666268177065e+00,1.100000000000000089e+00,3.000000000000000000e+00,2.999999999999999889e-01
2.286000000000000227e+02,1.124355249292948056e+00,1.100000000000000089e+00,3.000000000000000000e+00,2.999999999999999889e-01
2.288000000000000114e+02,1.260965931443274179e+00,1.100000000000000089e+00,3.000000000000000000e+00,2.999999999999999889e-01
2.290000000000000000e+02,1.126898624524439674e+00,1.100000000000000089e+00,3.000000000000000000e+00,2.999999999999999889e-01
2.292000000000000171e+02,1.148017029080953488e+00,1.100000000000000089e+00,3.000000000000000000e+00,2.999999999999999889e-01
2.294000000000000057e+02,9.302592648547483023e-01,1.100000000000000089e+00,7.000000000000000000e+00,2.999999999999999889e-01
2.296000000000000227e+02,1.159458667411617405e+00,1.100000000000000089e+00,7.000000000000000000e+00,2.999999999999999889e-01
2.298000000000000114e+02,9.615397621380504800e-01,1.100000000000000089e+00,7.000000000000000000e+00,2.999999999999999889e-01
2.300000000000000000e+02,1.267886302963768586e+00,1.100000000000000089e+00,7.000000000000000000e+00,2.999999999999999889e-01
2.302000000000000171e+02,1.299595101856186430e+00,1.100000000000000089e+00,7.000000000000000000e+00,2.999999999999999889e-01
2.304000000000000057e+02,1.115420248949870352e+00,1.100000000000000089e+00,7.000000000000000000e+00,2.999999999999999889e-01
2.306000000000000227e+02,1.097579613334749293e+00,1.100000000000000089e+00,7.000000000000000000e+00,2.999999999999999889e-01
2.308000000000000114e+02,1.280277789264990362e+00,1.100000000000000089e+00,7.000000000000000000e+00,2.999999999999999889e-01
2.310000000000000000e+02,1.009797670467363240e+00,1.100000000000000089e+00,7.000000000000000000e+00,2.999999999999999889e-01
2.312000000000000171e+02,1.220725022644002067e+00,1.100000000000000089e+00,7.000000000000000000e+00,2.999999999999999889e-01
2.314000000000000057e+02,9.668093889042047584e-01,1.100000000000000089e+00,7.000000000000000000e+00,2.999999999999999889e-01
2.316000000000000227e+02,1.155487628302738212e+00,1.100000000000000089e+00,7.000000000000000000e+00,2.999999999999999889e-01
2.318000000000000114e+02,9.638160750019439948e-01,1.100000000000000089e+00,7.000000000000000000e+00,2.999999999999999889e-01
2.320000000000000000e+02,1.275430650581611092e+00,1.100000000000000089e+00,7.000000000000000000e+00,2.999999999999999889e-01
2.322000000000000171e+02,9.121059751834987850e-01,1.100000000000000089e+00,7.000000000000000000e+00,2.999999999999999889e-01
2.324000000000000057e+02,1.381126937210058081e+00,1.100000000000000089e+00,7.000000000000000000e+00,2.999999999999999889e-01
2.326000000000000227e+02,9.168354951568788991e-01,1.100000000000000089e+00,7.000000000000000000e+00,2.999999999999999889e-01
2.328000000000000114e+02,1.250728659215620375e+00,1.100000000000000089e+00,7.000000000000000000e+00,2.999999999999999889e-01
2.330000000000000000e+02,9.303842995064113275e-01,1.100000000000000089e+00,7.000000000000000000e+00,2.999999999999999889e-01
2.332000000000000171e+02,1.055049450535674005e+00,1.100000000000000089e+00,3.000000000000000000e+00,2.999999999999999889e-01
2.334000000000000057e+02,1.431422543961613059e+00,1.100000000000000089e+00,3.000000000000000000e+00,2.999999999999999889e-01
2.336000000000000227e+02,1.625013306275071123e+00,1.100000000000000089e+00,3.000000000000000000e+00,2.999999999999999889e-01
2.338000000000000114e+02,1.478660130626477498e+00,1.100000000000000089e+00,3.000000000000000000e+00,2.999999999999999889e-01
2.340000000000000000e+02,1.521628441201066995e+00,1.100000000000000089e+00,3.000000000000000000e+00,2.999999999999999889e-01
2.342000000000000171e+02,1.234257660714322524e+00,1.100000000000000089e+00,3.000000000000000000e+00,2.999999999999999889e-01
2.344000000000000057e+02,7.225045686689568480e-01,1.100000000000000089e+00,3.000000000000000000e+00,2.999999999999999889e-01
2.346000000000000227e+02,9.823505042566023082e-01,1.100000000000000089e+00,3.000000000000000000e+00,2.999999999999999889e-01
2.348000000000000114e+02,9.591989112147488727e-01,1.100000000000000089e+00,3.000000000000000000e+00,2.999999999999999889e-01
2.350000000000000000e+02,9.922177383478442136e-01,1.100000000000000089e+00,3.000000000000000000e+00,2.999999999999999889e-01
2.352000000000000171e+02,9.477141529099012418e-01,1.100000000000000089e+00,3.000000000000000000e+00,2.999999999999999889e-01
2.354000000000000057e+02,8.947207403550467841e-01,1.100000000000000089e+00,3.000000000000000000e+00,2.999999999999999889e-01
2.356000000000000227e+02,1.252585952753335397e+00,1.100000000000000089e+00,7.000000000000000000e+00,2.999999999999999889e-01
2.358000000000000114e+02,1.260205176552892770e+00,1.100000000000000089e+00,7.000000000000000000e+00,2.999999999999999889e-01
2.360000000000000000e+02,1.151154151693460914e+00,1.100000000000000089e+00,7.000000000000000000e+00,2.999999999999999889e-01
2.362000000000000171e+02,9.631960245767857698e-01,1.100000000000000089e+00,7.000000000000000000e+00,2.999999999999999889e-01
2.364000000000000057e+02,9.874561741118945690e-01,1.100000000000000089e+00,7.000000000000000000e+00,2.999999999999999889e-01
2.366000000000000227e+02,1.306279195170041874e+00,1.100000000000000089e+00,7.000000000000000000e+00,2.999999999999999889e-01
2.368000000000000114e+02,1.205329229897891041e+00,1.100000000000000089e+00,7.000000000000000000e+00,2.999999999999999889e-01
2.370000000000000000e+02,1.061389825220897531e+00,1.100000000000000089e+00,7.000000000000000000e+00,2.999999999999999889e-01
2.372000000000000171e+02,1.155723071550353476e+00,1.100000000000000089e+00,7.000000000000000000e+00,2.999999999999999889e-01
2.374000000000000057e+02,1.098446955872895536e+00,1.100000000000000089e+00,7.000000000000000000e+00,2.999999999999999889e-01
2.376000000000000227e+02,1.250477353700265359e+00,1.100000000000000089e+00,7.000000000000000000e+00,2.999999999999999889e-01
2.378000000000000114e+02,1.222508139449123288e+00,1.100000000000000089e+00,7.000000000000000000e+00,2.999999999999999889e-01
2.380000000000000000e+02,1.025639886602532025e+00,1.100000000000000089e+00,7.000000000000000000e+00,2.999999999999999889e-01
2.382000000000000171e+02,9.427689304362131262e-01,1.100000000000000089e+00,7.000000000000000000e+00,2.999999999999999889e-01
2.384000000000000057e+02,1.367557979918370581e+00,1.100000000000000089e+00,7.000000000000000000e+00,2.999999999999999889e-01
2.386000000000000227e+02,8.883330340972914740e-01,1.100000000000000089e+00,7.000000000000000000e+00,2.999999999999999889e-01
2.388000000000000114e+02,8.186339763812883197e-01,1.100000000000000089e+00,7.000000000000000000e+00,2.999999999999999889e-01
2.390000000000000000e+02,1.214106230271819520e+00,1.100000000000000089e+00,7.000000000000000000e+00,2.999999999999999889e-01
2.392000000000000171e+02,1.088063974874678763e+00,1.100000000000000089e+00,7.000000000000000000e+00,2.999999999999999889e-01
2.394000000000000057e+02,1.122698718209988566e+00,1.100000000000000089e+00,7.000000000000000000e+00,2.999999999999999889e-01
2.396000000000000227e+02,1.109719446966271228e+00,1.100000000000000089e+00,7.000000000000000000e+00,2.999999999999999889e-01
2.398000000000000114e+02,1.186177944461123568e+00,1.100000000000000089e+00,7.000000000000000000e+00,2.999999999999999889e-01
2.400000000000000000e+02,1.061250442501656233e+00,1.100000000000000089e+00,7.000000000000000000e+00,2.999999999999999889e-01
2.402000000000000171e+02,1.280941530208408397e+00,1.100000000000000089e+00,7.000000000000000000e+00,2.999999999999999889e-01
2.404000000000000057e+02,9.609914935558723226e-01,1.100000000000000089e+00,7.000000000000000000e+00,2.999999999999999889e-01
2.406000000000000227e+02,1.132409785582029649e+00,1.100000000000000089e+00,7.000000000000000000e+00,2.999999999999999889e-01
2.408000000000000114e+02,1.075453016119860328e+00,1.100000000000000089e+00,7.000000000000000000e+00,2.999999999999999889e-01
2.410000000000000000e+02,1.098222692779025733e+00,1.100000000000000089e+00,7.000000000000000000e+00,2.999999999999999889e-01
2.412000000000000171e+02,1.104366531798881335e+00,1.100000000000000089e+00,7.000000000000000000e+00,2.999999999999999889e-01
2.414000000000000057e+02,9.454063684840476878e-01,1.100000000000000089e+00,7.000000000000000000e+00,2.999999999999999889e-01
2.416000000000000227e+02,1.050598211442486996e+00,1.000000000000000000e+00,7.000000000000000000e+00,2.999999999999999889e-01
2.418000000000000114e+02,1.184222326559963179e+00,1.000000000000000000e+00,3.000000000000000000e+00,2.999999999999999889e-01
2.420000000000000000e+02,8.857212949579676975e-01,1.000000000000000000e+00,3.000000000000000000e+00,2.999999999999999889e-01
2.422000000000000171e+02,1.167848525852635211e+00,1.000000000000000000e+00,3.000000000000000000e+00,2.999999999999999889e-01
2.424000000000000057e+02,1.193098537115226510e+00,1.000000000000000000e+00,3.000000000000000000e+00,2.999999999999999889e-01
2.426000000000000227e+02,1.133728983040608318e+00,1.000000000000000000e+00,3.000000000000000000e+00,2.999999999999999889e-01
2.428000000000000114e+02,9.046847224233605100e-01,1.000000000000000000e+00,3.000000000000000000e+00,2.999999999999999889e-01
2.430000000000000000e+02,1.019688116125680777e+00,1.000000000000000000e+00,3.000000000000000000e+00,2.999999999999999889e-01
2.432000000000000171e+02,8.204122842532926008e-01,1.000000000000000000e+00,3.000000000000000000e+00,2.999999999999999889e-01
2.434000000000000057e+02,1.010105010886468646e+00,1.000000000000000000e+00,3.000000000000000000e+00,2.999999999999999889e-01
2.436000000000000227e+02,8.729182497572773869e-01,1.000000000000000000e+00,3.000000000000000000e+00,2.999999999999999889e-01
2.438000000000000114e+02,1.034800381772803313e+00,1.000000000000000000e+00,3.000000000000000000e+00,2.999999999999999889e-01
2.440000000000000000e+02,9.701069723140826051e-01,1.000000000000000000e+00,3.000000000000000000e+00,2.999999999999999889e-01
2.442000000000000171e+02,9.173549680587556043e-01,1.000000000000000000e+00,3.000000000000000000e+00,2.999999999999999889e-01
2.444000000000000057e+02,8.882361840899581917e-01,1.000000000000000000e+00,3.000000000000000000e+00,2.999999999999999889e-01
2.446000000000000227e+02,7.151124453596580111e-01,1.000000000000000000e+00,3.000000000000000000e+00,2.999999999999999889e-01
2.448000000000000114e+02,7.884675274823323976e-01,1.000000000000000000e+00,3.000000000000000000e+00,2.999999999999999889e-01
2.450000000000000000e+02,1.123747818522291997e+00,1.000000000000000000e+00,7.000000000000000000e+00,2.999999999999999889e-01
2.452000000000000171e+02,1.132924669724648448e+00,1.000000000000000000e+00,7.000000000000000000e+00,2.999999999999999889e-01
2.454000000000000057e+02,1.087210983909602691e+00,1.000000000000000000e+00,7.000000000000000000e+00,2.999999999999999889e-01
2.456000000000000227e+02,8.406464320851031458e-01,1.000000000000000000e+00,7.000000000000000000e+00,2.999999999999999889e-01
2.458000000000000114e+02,9.542592127440454597e-01,1.000000000000000000e+00,3.000000000000000000e+00,2.999999999999999889e-01
2.460000000000000000e+02,1.085477000350720811e+00,1.000000000000000000e+00,3.000000000000000000e+00,2.999999999999999889e-01
2.462000000000000171e+02,9.716949187164439783e-01,1.000000000000000000e+00,3.000000000000000000e+00,2.999999999999999889e-01
2.464000000000000057e+02,1.010284550742561960e+00,1.000000000000000000e+00,3.000000000000000000e+00,2.999999999999999889e-01
2.466000000000000227e+02,1.090126181006239481e+00,1.000000000000000000e+00,3.000000000000000000e+00,2.999999999999999889e-01
2.468000000000000114e+02,7.914321927912454369e-01,1.000000000000000000e+00,3.000000000000000000e+00,2.999999999999999889e-01
2.470000000000000000e+02,8.902385586943647455e-01,1.000000000000000000e+00,3.000000000000000000e+00,2.999999999999999889e-01
2.472000000000000171e+02,1.084500471689209489e+00,1.000000000000000000e+00,3.000000000000000000e+00,2.999999999999999889e-01
2.474000000000000057e+02,9.005847104070247022e-01,1.000000000000000000e+00,3.000000000000000000e+00,2.999999999999999889e-01
2.476000000000000227e+02,1.043120124042818286e+00,1.000000000000000000e+00,3.000000000000000000e+00,2.999999999999999889e-01
2.478000000000000114e+02,9.213200546907335253e-01,1.000000000000000000e+00,3.000000000000000000e+00,2.999999999999999889e-01
2.480000000000000000e+02,1.063871396089725474e+00,1.000000000000000000e+00,3.000000000000000000e+00,2.999999999999999889e-01
2.482000000000000171e+02,1.034655705560654004e+00,1.000000000000000000e+00,3.000000000000000000e+00,2.999999999999999889e-01
2.484000000000000057e+02,1.176267359888310216e+00,1.100000000000000089e+00,3.000000000000000000e+00,2.999999999999999889e-01
2.486000000000000227e+02,1.087606038647662476e+00,1.100000000000000089e+00,3.000000000000000000e+00,2.999999999999999889e-01
2.488000000000000114e+02,1.106707901005091976e+00,1.100000000000000089e+00,3.000000000000000000e+00,1.000000000000000056e-01
2.490000000000000000e+02,1.101314920898564642e+00,1.100000000000000089e+00,3.000000000000000000e+00,1.000000000000000056e-01
2.492000000000000171e+02,1.083493651366794097e+00,1.100000000000000089e+00,3.000000000000000000e+00,1.000000000000000056e-01
2.494000000000000057e+02,1.063374290385718846e+00,1.100000000000000089e+00,3.000000000000000000e+00,1.000000000000000056e-01
2.496000000000000227e+02,1.031955568745157370e+00,1.100000000000000089e+00,3.000000000000000000e+00,1.000000000000000056e-01
2.498000000000000114e+02,1.096304317696352726e+00,1.100000000000000089e+00,3.000000000000000000e+00,1.000000000000000056e-01
2.500000000000000000e+02,1.140770704793460100e+00,1.100000000000000089e+00,3.000000000000000000e+00,1.000000000000000056e-01
2.502000000000000171e+02,1.162843108058150721e+00,1.100000000000000089e+00,3.000000000000000000e+00,1.000000000000000056e-01
2.504000000000000057e+02,1.142899363618042452e+00,1.100000000000000089e+00,3.000000000000000000e+00,1.000000000000000056e-01
2.506000000000000227e+02,1.105848962917277412e+00,1.100000000000000089e+00,3.000000000000000000e+00,1.000000000000000056e-01
2.508000000000000114e+02,1.015151291768158437e+00,1.100000000000000089e+00,3.000000000000000000e+00,1.000000000000000056e-01
2.510000000000000000e+02,1.042876962273993957e+00,1.100000000000000089e+00,3.000000000000000000e+00,1.000000000000000056e-01
2.512000000000000171e+02,1.028264595258059799e+00,1.100000000000000089e+00,3.000000000000000000e+00,1.000000000000000056e-01
2.514000000000000057e+02,1.136535831436999322e+00,1.100000000000000089e+00,3.000000000000000000e+00,1.000000000000000056e-01
2.516000000000000227e+02,1.107835786913419440e+00,1.100000000000000089e+00,3.000000000000000000e+00,1.000000000000000056e-01
2.518000000000000114e+02,1.101059798034076387e+00,1.100000000000000089e+00,3.000000000000000000e+00,1.000000000000000056e-01
2.520000000000000000e+02,1.121068676980850665e+00,1.100000000000000089e+00,3.000000000000000000e+00,1.000000000000000056e-01
2.522000000000000171e+02,1.059352248832251542e+00,1.100000000000000089e+00,3.000000000000000000e+00,1.000000000000000056e-01
2.524000000000000057e+02,1.157620060684622310e+00,1.100000000000000089e+00,3.000000000000000000e+00,1.000000000000000056e-01
2.526000000000000227e+02,1.117106362680867937e+00,1.100000000000000089e+00,3.000000000000000000e+00,1.000000000000000056e-01
2.528000000000000114e+02,1.036469807323181946e+00,1.100000000000000089e+00,3.000000000000000000e+00,1.000000000000000056e-01
2.530000000000000000e+02,1.051613431756610595e+00,1.100000000000000089e+00,3.000000000000000000e+00,1.000000000000000056e-01
2.532000000000000171e+02,1.179961625431688921e+00,1.100000000000000089e+00,3.000000000000000000e+00,2.999999999999999889e-01
2.534000000000000057e+02,1.306656666854741911e+00,1.100000000000000089e+00,3.000000000000000000e+00,2.999999999999999889e-01
2.536000000000000227e+02,1.171207859134268059e+00,1.100000000000000089e+00,3.000000000000000000e+00,2.999999999999999889e-01
2.538000000000000114e+02,1.116436026038726492e+00,1.100000000000000089e+00,3.000000000000000000e+00,1.000000000000000056e-01
2.540000000000000000e+02,1.033440326072401660e+00,1.100000000000000089e+00,3.000000000000000000e+00,1.000000000000000056e-01
2.542000000000000171e+02,9.901549465225774060e-01,1.100000000000000089e+00,3.000000000000000000e+00,1.000000000000000056e-01
2.544000000000000057e+02,1.079742475815789859e+00,1.100000000000000089e+00,3.000000000000000000e+00,1.000000000000000056e-01
2.546000000000000227e+02,1.184949485448718143e+00,1.100000000000000089e+00,3.000000000000000000e+00,1.000000000000000056e-01
2.548000000000000114e+02,1.102184939036700007e+00,1.100000000000000089e+00,3.000000000000000000e+00,1.000000000000000056e-01
2.550000000000000000e+02,1.035976067077138962e+00,1.100000000000000089e+00,3.000000000000000000e+00,1.000000000000000056e-01
2.552000000000000171e+02,1.003073300001593227e+00,1.100000000000000089e+00,3.000000000000000000e+00,1.000000000000000056e-01
2.554000000000000057e+02,1.084665730598947775e+00,1.100000000000000089e+00,3.000000000000000000e+00,1.000000000000000056e-01
2.556000000000000227e+02,1.085940322743163433e+00,1.100000000000000089e+00,3.000000000000000000e+00,1.000000000000000056e-01
2.558000000000000114e+02,1.120902922043464089e+00,1.100000000000000089e+00,3.000000000000000000e+00,1.000000000000000056e-01
2.560000000000000000e+02,1.054352615580910646e+00,1.100000000000000089e+00,3.000000000000000000e+00,1.000000000000000056e-01
2.561999999999999886e+02,1.251592723302383581e+00,1.100000000000000089e+00,7.000000000000000000e+00,1.000000000000000056e-01
2.564000000000000341e+02,1.041140963173665890e+00,1.100000000000000089e+00,7.000000000000000000e+00,1.000000000000000056e-01
2.566000000000000227e+02,1.118562107703219732e+00,1.100000000000000089e+00,7.000000000000000000e+00,1.000000000000000056e-01
2.568000000000000114e+02,1.027894913583939029e+00,1.100000000000000089e+00,7.000000000000000000e+00,1.000000000000000056e-01
2.570000000000000000e+02,1.130147739866853795e+00,1.100000000000000089e+00,7.000000000000000000e+00,1.000000000000000056e-01
2.571999999999999886e+02,1.018226638853761079e+00,1.100000000000000089e+00,7.000000000000000000e+00,1.000000000000000056e-01
2.574000000000000341e+02,1.175469218933033799e+00,1.100000000000000089e+00,7.000000000000000000e+00,1.000000000000000056e-01
2.576000000000000227e+02,1.043358180167695437e+00,1.100000000000000089e+00,7.000000000000000000e+00,1.000000000000000056e-01
2.578000000000000114e+02,1.060049280365345403e+00,1.100000000000000089e+00,7.000000000000000000e+00,1.000000000000000056e-01
2.580000000000000000e+02,1.075216961117185122e+00,1.100000000000000089e+00,7.000000000000000000e+00,1.000000000000000056e-01
2.581999999999999886e+02,1.134904909897984870e+00,1.100000000000000089e+00,7.000000000000000000e+00,1.000000000000000056e-01
2.584000000000000341e+02,1.073829452762128822e+00,1.100000000000000089e+00,7.000000000000000000e+00,1.000000000000000056e-01
2.586000000000000227e+02,1.073324449592792051e+00,1.100000000000000089e+00,7.000000000000000000e+00,1.000000000000000056e-01
2.588000000000000114e+02,1.064198939338508731e+00,1.100000000000000089e+00,7.000000000000000000e+00,1.000000000000000056e-01
2.590000000000000000e+02,1.100777417623637344e+00,1.100000000000000089e+00,7.000000000000000000e+00,1.000000000000000056e-01
2.591999999999999886e+02,1.034397363234833556e+00,1.100000000000000089e+00,7.000000000000000000e+00,1.000000000000000056e-01
2.594000000000000341e+02,1.027568033987900753e+00,1.100000000000000089e+00,7.000000000000000000e+00,2.999999999999999889e-01
2.596000000000000227e+02,1.145365190736760574e+00,1.100000000000000089e+00,7.000000000000000000e+00,2.999999999999999889e-01
2.598000000000000114e+02,1.317811613997763143e+00,1.100000000000000089e+00,7.000000000000000000e+00,2.999999999999999889e-01
2.600000000000000000e+02,1.002164181361540063e+00,1.100000000000000089e+00,7.000000000000000000e+00,2.999999999999999889e-01
2.601999999999999886e+02,1.239994696738313751e+00,1.100000000000000089e+00,7.000000000000000000e+00,2.999999999999999889e-01
2.604000000000000341e+02,1.152781363081165633e+00,1.100000000000000089e+00,7.000000000000000000e+00,2.999999999999999889e-01
2.606000000000000227e+02,8.396230670320676825e-01,1.100000000000000089e+00,7.000000000000000000e+00,2.999999999999999889e-01
2.608000000000000114e+02,8.830005898504225126e-01,1.100000000000000089e+00,7.000000000000000000e+00,2.999999999999999889e-01
2.610000000000000000e+02,1.326520092369549708e+00,1.100000000000000089e+00,7.000000000000000000e+00,2.999999999999999889e-01
2.611999999999999886e+02,1.056496918748454528e+00,1.100000000000000089e+00,7.000000000000000000e+00,2.999999999999999889e-01
2.614000000000000341e+02,8.960687084438250238e-01,9.000000000000000222e-01,7.000000000000000000e+00,2.999999999999999889e-01
2.616000000000000227e+02,8.429883054374839313e-01,9.000000000000000222e-01,7.000000000000000000e+00,2.999999999999999889e-01
2.618000000000000114e+02,9.172577269909213404e-01,9.000000000000000222e-01,7.000000000000000000e+00,2.999999999999999889e-01
2.620000000000000000e+02,1.005230171385436799e+00,9.000000000000000222e-01,7.000000000000000000e+00,2.999999999999999889e-01
2.621999999999999886e+02,1.024048426832340652e+00,9.000000000000000222e-01,7.000000000000000000e+00,2.999999999999999889e-01
2.624000000000000341e+02,9.215761760338080366e-01,9.000000000000000222e-01,7.000000000000000000e+00,2.999999999999999889e-01
2.626000000000000227e+02,8.004447230347876419e-01,9.000000000000000222e-01,7.000000000000000000e+00,2.999999999999999889e-01
2.628000000000000114e+02,1.088037016672074975e+00,9.000000000000000222e-01,7.000000000000000000e+00,2.999999999999999889e-01
2.630000000000000000e+02,9.796982546538892667e-01,9.000000000000000222e-01,7.000000000000000000e+00,2.999999999999999889e-01
2.631999999999999886e+02,9.297776244182942573e-01,9.000000000000000222e-01,7.000000000000000000e+00,2.999999999999999889e-01
2.634000000000000341e+02,8.717297501772067747e-01,9.000000000000000222e-01,7.000000000000000000e+00,2.999999999999999889e-01
2.636000000000000227e+02,9.717246897102822523e-01,9.000000000000000222e-01,7.000000000000000000e+00,2.999999999999999889e-01
2.638000000000000114e+02,7.481340910909812791e-01,9.000000000000000222e-01,7.000000000000000000e+00,2.999999999999999889e-01
2.640000000000000000e+02,1.161372141548220327e+00,9.000000000000000222e-01,7.000000000000000000e+00,2.999999999999999889e-01
2.641999999999999886e+02,7.766965429420465972e-01,9.000000000000000222e-01,7.000000000000000000e+00,2.999999999999999889e-01
2.644000000000000341e+02,1.204922915055380184e+00,9.000000000000000222e-01,7.000000000000000000e+00,2.999999999999999889e-01
2.646000000000000227e+02,9.330151944904321315e-01,9.000000000000000222e-01,7.000000000000000000e+00,2.999999999999999889e-01
2.648000000000000114e+02,1.137418540315363158e+00,1.100000000000000089e+00,7.000000000000000000e+00,2.999999999999999889e-01
2.650000000000000000e+02,1.093288409867076316e+00,1.100000000000000089e+00,7.000000000000000000e+00,2.999999999999999889e-01
2.651999999999999886e+02,1.220250958011865672e+00,1.100000000000000089e+00,7.000000000000000000e+00,2.999999999999999889e-01
2.654000000000000341e+02,1.035780649770433604e+00,1.100000000000000089e+00,7.000000000000000000e+00,2.999999999999999889e-01
2.656000000000000227e+02,1.164407170450848072e+00,1.100000000000000089e+00,7.000000000000000000e+00,2.999999999999999889e-01
2.658000000000000114e+02,1.037920641215391182e+00,1.100000000000000089e+00,7.000000000000000000e+00,2.999999999999999889e-01
2.660000000000000000e+02,1.266142347579116478e+00,1.100000000000000089e+00,7.000000000000000000e+00,2.999999999999999889e-01
2.661999999999999886e+02,1.076478614559684743e+00,1.100000000000000089e+00,7.000000000000000000e+00,2.999999999999999889e-01
2.664000000000000341e+02,9.613717610645780010e-01,1.100000000000000089e+00,7.000000000000000000e+00,2.999999999999999889e-01
2.666000000000000227e+02,1.035228943913300448e+00,1.100000000000000089e+00,7.000000000000000000e+00,2.999999999999999889e-01
2.668000000000000114e+02,1.061566393604519210e+00,1.100000000000000089e+00,7.000000000000000000e+00,2.999999999999999889e-01
2.670000000000000000e+02,1.110591385558030719e+00,1.100000000000000089e+00,7.000000000000000000e+00,2.999999999999999889e-01
2.671999999999999886e+02,1.165953178853084138e+00,1.100000000000000089e+00,7.000000000000000000e+00,2.999999999999999889e-01
2.674000000000000341e+02,9.083729437137239016e-01,1.100000000000000089e+00,7.000000000000000000e+00,2.999999999999999889e-01
2.676000000000000227e+02,1.157479230204569332e+00,1.100000000000000089e+00,7.000000000000000000e+00,1.000000000000000056e-01
2.678000000000000114e+02,1.024148535118603709e+00,1.100000000000000089e+00,3.000000000000000000e+00,1.000000000000000056e-01
2.680000000000000000e+02,1.151180876022742883e+00,1.100000000000000089e+00,3.000000000000000000e+00,1.000000000000000056e-01
2.681999999999999886e+02,1.125771572572303203e+00,1.100000000000000089e+00,3.000000000000000000e+00,1.000000000000000056e-01
2.684000000000000341e+02,1.126973206939719363e+00,1.100000000000000089e+00,3.000000000000000000e+00,1.000000000000000056e-01
2.686000000000000227e+02,1.065678122809401662e+00,1.100000000000000089e+00,3.000000000000000000e+00,1.000000000000000056e-01
2.688000000000000114e+02,1.174820129491312537e+00,1.100000000000000089e+00,3.000000000000000000e+00,1.000000000000000056e-01
2.690000000000000000e+02,1.165563562711837919e+00,1.100000000000000089e+00,3.000000000000000000e+00,1.000000000000000056e-01
2.691999999999999886e+02,1.107733248306136398e+00,1.100000000000000089e+00,3.000000000000000000e+00,1.000000000000000056e-01
2.694000000000000341e+02,1.087195844919945698e+00,1.100000000000000089e+00,3.000000000000000000e+00,1.000000000000000056e-01
2.696000000000000227e+02,1.084759860530707165e+00,1.100000000000000089e+00,3.000000000000000000e+00,1.000000000000000056e-01
2.698000000000000114e+02,1.056962053569530102e+00,1.100000000000000089e+00,3.000000000000000000e+00,1.000000000000000056e-01
2.700000000000000000e+02,1.154504946403692278e+00,1.100000000000000089e+00,3.000000000000000000e+00,1.000000000000000056e-01
2.701999999999999886e+02,1.118379048405190757e+00,1.100000000000000089e+00,3.000000000000000000e+00,1.000000000000000056e-01
2.704000000000000341e+02,1.084044402589156686e+00,1.100000000000000089e+00,3.000000000000000000e+00,1.000000000000000056e-01
2.706000000000000227e+02,1.061206015516768852e+00,1.100000000000000089e+00,3.000000000000000000e+00,1.000000000000000056e-01
2.708000000000000114e+02,1.140279190647594421e+00,1.100000000000000089e+00,3.000000000000000000e+00,1.000000000000000056e-01
2.710000000000000000e+02,1.075457437917940462e+00,1.100000000000000089e+00,3.000000000000000000e+00,1.000000000000000056e-01
2.711999999999999886e+02,9.902138405192794091e-01,1.100000000000000089e+00,3.000000000000000000e+00,1.000000000000000056e-01
2.714000000000000341e+02,9.029737794427037390e-01,9.000000000000000222e-01,3.000000000000000000e+00,1.000000000000000056e-01
2.716000000000000227e+02,9.697235321188042434e-01,9.000000000000000222e-01,3.000000000000000000e+00,1.000000000000000056e-01
2.718000000000000114e+02,9.054730283792057355e-01,9.000000000000000222e-01,3.000000000000000000e+00,1.000000000000000056e-01
2.720000000000000000e+02,8.458780697817613881e-01,9.000000000000000222e-01,3.000000000000000000e+00,1.000000000000000056e-01
2.721999999999999886e+02,8.135082868640672871e-01,9.000000000000000222e-01,3.000000000000000000e+00,1.000000000000000056e-01
2.724000000000000341e+02,9.247600603874678304e-01,9.000000000000000222e-01,3.000000000000000000e+00,1.000000000000000056e-01
2.726000000000000227e+02,8.869861096684079627e-01,9.000000000000000222e-01,3.000000000000000000e+00,1.000000000000000056e-01
2.728000000000000114e+02,9.867188274993051733e-01,9.000000000000000222e-01,3.000000000000000000e+00,1.000000000000000056e-01
2.730000000000000000e+02,9.253632475217116182e-01,9.000000000000000222e-01,3.000000000000000000e+00,1.000000000000000056e-01
2.731999999999999886e+02,8.892315323463360066e-01,9.000000000000000222e-01,3.000000000000000000e+00,1.000000000000000056e-01
2.734000000000000341e+02,9.645880260387835747e-01,9.000000000000000222e-01,3.000000000000000000e+00,1.000000000000000056e-01
2.736000000000000227e+02,9.616104031893255577e-01,9.000000000000000222e-01,3.000000000000000000e+00,1.000000000000000056e-01
2.738000000000000114e+02,9.337577515579230658e-01,9.000000000000000222e-01,3.000000000000000000e+00,1.000000000000000056e-01
2.740000000000000000e+02,8.960697944914762791e-01,9.000000000000000222e-01,3.000000000000000000e+00,1.000000000000000056e-01
2.741999999999999886e+02,9.042674656739599914e-01,9.000000000000000222e-01,3.000000000000000000e+00,1.000000000000000056e-01
2.744000000000000341e+02,9.002889367968123224e-01,9.000000000000000222e-01,3.000000000000000000e+00,1.000000000000000056e-01
2.746000000000000227e+02,8.743283073947687445e-01,9.000000000000000222e-01,3.000000000000000000e+00,1.000000000000000056e-01
2.748000000000000114e+02,9.077490075541044812e-01,9.000000000000000222e-01,3.000000000000000000e+00,1.000000000000000056e-01
2.750000000000000000e+02,8.815229838685028074e-01,9.000000000000000222e-01,7.000000000000000000e+00,1.000000000000000056e-01
2.751999999999999886e+02,8.996600434554343773e-01,9.000000000000000222e-01,7.000000000000000000e+00,1.000000000000000056e-01
2.754000000000000341e+02,8.453805552574673587e-01,9.000000000000000222e-01,7.000000000000000000e+00,1.000000000000000056e-01
2.756000000000000227e+02,8.724135537768525905e-01,9.000000000000000222e-01,7.000000000000000000e+00,1.000000000000000056e-01
2.758000000000000114e+02,8.999354198190255838e-01,9.000000000000000222e-01,7.000000000000000000e+00,1.000000000000000056e-01
2.760000000000000000e+02,8.684098921884862987e-01,9.000000000000000222e-01,7.000000000000000000e+00,1.000000000000000056e-01
2.761999999999999886e+02,9.283236755522593642e-01,9.000000000000000222e-01,7.000000000000000000e+00,1.000000000000000056e-01
2.764000000000000341e+02,9.313486083925864856e-01,9.000000000000000222e-01,7.000000000000000000e+00,1.000000000000000056e-01
2.766000000000000227e+02,8.792839432849401948e-01,9.000000000000000222e-01,7.000000000000000000e+00,1.000000000000000056e-01
2.768000000000000114e+02,9.716546110044219642e-01,9.000000000000000222e-01,7.000000000000000000e+00,1.000000000000000056e-01
2.770000000000000000e+02,8.819833201978130033e-01,9.000000000000000222e-01,7.000000000000000000e+00,1.000000000000000056e-01
2.771999999999999886e+02,9.325673035950330370e-01,9.000000000000000222e-01,7.000000000000000000e+00,1.000000000000000056e-01
2.774000000000000341e+02,8.213256294591571027e-01,9.000000000000000222e-01,7.000000000000000000e+00,1.000000000000000056e-01
2.776000000000000227e+02,9.324125802305938127e-01,9.000000000000000222e-01,7.000000000000000000e+00,1.000000000000000056e-01
2.778000000000000114e+02,9.431201255141125062e-01,9.000000000000000222e-01,7.000000000000000000e+00,1.000000000000000056e-01
2.780000000000000000e+02,9.052266565194045933e-01,9.000000000000000222e-01,7.000000000000000000e+00,1.000000000000000056e-01
2.781999999999999886e+02,8.837711390653951726e-01,9.000000000000000222e-01,7.000000000000000000e+00,1.000000000000000056e-01
2.784000000000000341e+02,1.136519425860643917e+00,1.100000000000000089e+00,7.000000000000000000e+00,1.000000000000000056e-01
2.786000000000000227e+02,1.046435113353624269e+00,1.100000000000000089e+00,7.000000000000000000e+00,1.000000000000000056e-01
2.788000000000000114e+02,1.106564827889667590e+00,1.100000000000000089e+00,7.000000000000000000e+00,1.000000000000000056e-01
2.790000000000000000e+02,1.050277950917543945e+00,1.100000000000000089e+00,7.000000000000000000e+00,1.000000000000000056e-01
2.791999999999999886e+02,1.191773811517743642e+00,1.100000000000000089e+00,7.000000000000000000e+00,1.000000000000000056e-01
2.794000000000000341e+02,1.062756527885970970e+00,1.100000000000000089e+00,7.000000000000000000e+00,1.000000000000000056e-01
2.796000000000000227e+02,1.067945475104115083e+00,1.100000000000000089e+00,7.000000000000000000e+00,1.000000000000000056e-01
2.798000000000000114e+02,1.127095462248485447e+00,1.100000000000000089e+00,7.000000000000000000e+00,1.000000000000000056e-01
2.800000000000000000e+02,1.092164651625717520e+00,1.100000000000000089e+00,7.000000000000000000e+00,1.000000000000000056e-01
2.801999999999999886e+02,1.102654250141867021e+00,1.100000000000000089e+00,7.000000000000000000e+00,1.000000000000000056e-01
2.804000000000000341e+02,1.105301512185353108e+00,1.100000000000000089e+00,7.000000000000000000e+00,1.000000000000000056e-01
2.806000000000000227e+02,1.059128038544310479e+00,1.100000000000000089e+00,7.000000000000000000e+00,1.000000000000000056e-01
2.808000000000000114e+02,1.129508827089301892e+00,1.100000000000000089e+00,7.000000000000000000e+00,1.000000000000000056e-01
2.810000000000000000e+02,1.061801861779860578e+00,1.100000000000000089e+00,7.000000000000000000e+00,1.000000000000000056e-01
2.811999999999999886e+02,1.079564474667078278e+00,1.100000000000000089e+00,7.000000000000000000e+00,1.000000000000000056e-01
2.814000000000000341e+02,1.088968411706117578e+00,1.100000000000000089e+00,7.000000000000000000e+00,1.000000000000000056e-01
2.816000000000000227e+02,1.049963780375289923e+00,1.100000000000000089e+00,7.000000000000000000e+00,1.000000000000000056e-01
2.818000000000000114e+02,1.074348175641373304e+00,1.100000000000000089e+00,7.000000000000000000e+00,1.000000000000000056e-01
2.820000000000000000e+02,1.103014613373517472e+00,1.100000000000000089e+00,7.000000000000000000e+00,1.000000000000000056e-01
2.821999999999999886e+02,1.138632789624175912e+00,1.100000000000000089e+00,7.000000000000000000e+00,1.000000000000000056e-01
2.824000000000000341e+02,1.155750951075470434e+00,1.100000000000000089e+00,7.000000000000000000e+00,1.000000000000000056e-01
2.826000000000000227e+02,1.128476028566900213e+00,1.100000000000000089e+00,7.000000000000000000e+00,1.000000000000000056e-01
2.828000000000000114e+02,1.063697040933903049e+00,1.100000000000000089e+00,3.000000000000000000e+00,1.000000000000000056e-01
2.830000000000000000e+02,1.028942167013839226e+00,1.100000000000000089e+00,3.000000000000000000e+00,1.000000000000000056e-01
2.831999999999999886e+02,9.186141647803669485e-01,9.000000000000000222e-01,3.000000000000000000e+00,1.000000000000000056e-01
2.834000000000000341e+02,9.224606695000406864e-01,9.000000000000000222e-01,3.000000000000000000e+00,1.000000000000000056e-01
2.836000000000000227e+02,8.880697959109893347e-01,9.000000000000000222e-01,3.000000000000000000e+00,1.000000000000000056e-01
2.838000000000000114e+02,9.537144607952143804e-01,9.000000000000000222e-01,3.000000000000000000e+00,1.000000000000000056e-01
2.840000000000000000e+02,8.644842029056888366e-01,9.000000000000000222e-01,3.000000000000000000e+00,1.000000000000000056e-01
2.841999999999999886e+02,9.084228785697227027e-01,9.000000000000000222e-01,3.000000000000000000e+00,1.000000000000000056e-01
2.844000000000000341e+02,8.318442397423408963e-01,9.000000000000000222e-01,3.000000000000000000e+00,1.000000000000000056e-01
2.846000000000000227e+02,8.392602360447881660e-01,9.000000000000000222e-01,3.000000000000000000e+00,1.000000000000000056e-01
2.848000000000000114e+02,9.379753525369903810e-01,9.000000000000000222e-01,3.000000000000000000e+00,1.000000000000000056e-01
2.850000000000000000e+02,8.569845360152221758e-01,9.000000000000000222e-01,3.000000000000000000e+00,1.000000000000000056e-01
2.851999999999999886e+02,7.393296965828837219e-01,9.000000000000000222e-01,3.000000000000000000e+00,2.999999999999999889e-01
2.854000000000000341e+02,1.055118271277256436e+00,9.000000000000000222e-01,3.000000000000000000e+00,2.999999999999999889e-01
2.856000000000000227e+02,8.355309734900852048e-01,9.000000000000000222e-01,3.000000000000000000e+00,2.999999999999999889e-01
2.858000000000000114e+02,9.458793216656080638e-01,9.000000000000000222e-01,3.000000000000000000e+00,2.999999999999999889e-01
2.860000000000000000e+02,8.660924415580499858e-01,9.000000000000000222e-01,3.000000000000000000e+00,2.999999999999999889e-01
2.861999999999999886e+02,1.008849234631306269e+00,9.000000000000000222e-01,3.000000000000000000e+00,2.999999999999999889e-01
2.864000000000000341e+02,9.596552691490191078e-01,9.000000000000000222e-01,3.000000000000000000e+00,2.999999999999999889e-01
2.866000000000000227e+02,1.097436202968013585e+00,9.000000000000000222e-01,3.000000000000000000e+00,2.999999999999999889e-01
2.868000000000000114e+02,7.901206556135293990e-01,9.000000000000000222e-01,3.000000000000000000e+00,2.999999999999999889e-01
2.870000000000000000e+02,8.888909076744028193e-01,9.000000000000000222e-01,3.000000000000000000e+00,2.999999999999999889e-01
2.871999999999999886e+02,8.203687511446788871e-01,9.000000000000000222e-01,3.000000000000000000e+00,2.999999999999999889e-01
2.874000000000000341e+02,9.894739261211695780e-01,9.000000000000000222e-01,3.000000000000000000e+00,2.999999999999999889e-01
2.876000000000000227e+02,9.300908923924768867e-01,9.000000000000000222e-01,3.000000000000000000e+00,2.999999999999999889e-01
2.878000000000000114e+02,9.809016674526871427e-01,9.000000000000000222e-01,3.000000000000000000e+00,2.999999999999999889e-01
2.880000000000000000e+02,1.162075649806810551e+00,9.000000000000000222e-01,3.000000000000000000e+00,2.999999999999999889e-01
2.881999999999999886e+02,1.186136464803027479e+00,9.000000000000000222e-01,3.000000000000000000e+00,2.999999999999999889e-01
2.884000000000000341e+02,1.265711199979407953e+00,9.000000000000000222e-01,3.000000000000000000e+00,2.999999999999999889e-01
2.886000000000000227e+02,1.142687450887063472e+00,9.000000000000000222e-01,3.000000000000000000e+00,2.999999999999999889e-01
2.888000000000000114e+02,1.014573163893493613e+00,9.000000000000000222e-01,3.000000000000000000e+00,2.999999999999999889e-01
2.890000000000000000e+02,1.215960012363533682e+00,9.000000000000000222e-01,3.000000000000000000e+00,2.999999999999999889e-01
2.891999999999999886e+02,8.529044764544509993e-01,9.000000000000000222e-01,3.000000000000000000e+00,2.999999999999999889e-01
2.894000000000000341e+02,1.081682459269143415e+00,9.000000000000000222e-01,3.000000000000000000e+00,2.999999999999999889e-01
2.896000000000000227e+02,1.070268859135258488e+00,9.000000000000000222e-01,3.000000000000000000e+00,2.999999999999999889e-01
2.898000000000000114e+02,1.017609100968024149e+00,9.000000000000000222e-01,3.000000000000000000e+00,2.999999999999999889e-01
2.900000000000000000e+02,7.812045652124266493e-01,9.000000000000000222e-01,3.000000000000000000e+00,2.999999999999999889e-01
2.901999999999999886e+02,8.706370232924817154e-01,9.000000000000000222e-01,3.000000000000000000e+00,2.999999999999999889e-01
2.904000000000000341e+02,1.054654901424977309e+00,9.000000000000000222e-01,3.000000000000000000e+00,2.999999999999999889e-01
2.906000000000000227e+02,7.523990765627862620e-01,9.000000000000000222e-01,3.000000000000000000e+00,2.999999999999999889e-01
2.908000000000000114e+02,1.238027547580246690e+00,9.000000000000000222e-01,3.000000000000000000e+00,2.999999999999999889e-01
2.910000000000000000e+02,9.594255263134658929e-01,9.000000000000000222e-01,3.000000000000000000e+00,2.999999999999999889e-01
2.911999999999999886e+02,9.750885113461453813e-01,9.000000000000000222e-01,3.000000000000000000e+00,2.999999999999999889e-01
2.914000000000000341e+02,1.111277155573146658e+00,9.000000000000000222e-01,3.000000000000000000e+00,2.999999999999999889e-01
2.916000000000000227e+02,9.592582713459796295e-01,1.000000000000000000e+00,3.000000000000000000e+00,2.999999999999999889e-01
2.918000000000000114e+02,8.767218368863457512e-01,1.000000000000000000e+00,3.000000000000000000e+00,2.999999999999999889e-01
2.920000000000000000e+02,8.327439597954158224e-01,1.000000000000000000e+00,3.000000000000000000e+00,2.999999999999999889e-01
2.921999999999999886e+02,7.930497953777814191e-01,1.000000000000000000e+00,3.000000000000000000e+00,2.999999999999999889e-01
2.924000000000000341e+02,8.831141432010378711e-01,1.000000000000000000e+00,3.000000000000000000e+00,2.999999999999999889e-01
2.926000000000000227e+02,8.063255796207698944e-01,1.000000000000000000e+00,3.000000000000000000e+00,2.999999999999999889e-01
2.928000000000000114e+02,8.646074728051662550e-01,1.000000000000000000e+00,3.000000000000000000e+00,2.999999999999999889e-01
2.930000000000000000e+02,8.615924345799513828e-01,1.000000000000000000e+00,3.000000000000000000e+00,2.999999999999999889e-01
2.931999999999999886e+02,1.101131483525539245e+00,1.000000000000000000e+00,3.000000000000000000e+00,2.999999999999999889e-01
2.934000000000000341e+02,1.021470227919034190e+00,1.000000000000000000e+00,3.000000000000000000e+00,2.999999999999999889e-01
2.936000000000000227e+02,8.798848771083446207e-01,1.000000000000000000e+00,3.000000000000000000e+00,2.999999999999999889e-01
2.938000000000000114e+02,9.332884080914902736e-01,1.000000000000000000e+00,3.000000000000000000e+00,2.999999999999999889e-01
2.940000000000000000e+02,9.195486102925579663e-01,1.000000000000000000e+00,3.000000000000000000e+00,2.999999999999999889e-01
2.941999999999999886e+02,8.238844871231503220e-01,1.000000000000000000e+00,3.000000000000000000e+00,2.999999999999999889e-01
2.944000000000000341e+02,9.447349233177815275e-01,1.000000000000000000e+00,3.000000000000000000e+00,1.000000000000000056e-01
2.946000000000000227e+02,9.810481662228830446e-01,1.000000000000000000e+00,3.000000000000000000e+00,1.000000000000000056e-01
2.948000000000000114e+02,1.001004067559382760e+00,1.000000000000000000e+00,3.000000000000000000e+00,1.000000000000000056e-01
2.950000000000000000e+02,9.583268327494735006e-01,1.000000000000000000e+00,3.000000000000000000e+00,1.000000000000000056e-01
2.951999999999999886e+02,8.782065190697158075e-01,1.000000000000000000e+00,3.000000000000000000e+00,1.000000000000000056e-01
2.954000000000000341e+02,9.716216066198368750e-01,1.000000000000000000e+00,3.000000000000000000e+00,1.000000000000000056e-01
2.956000000000000227e+02,9.793411487329727327e-01,1.000000000000000000e+00,3.000000000000000000e+00,1.000000000000000056e-01
2.958000000000000114e+02,8.939255410371876875e-01,1.000000000000000000e+00,3.000000000000000000e+00,1.000000000000000056e-01
2.960000000000000000e+02,9.287803241099905627e-01,1.000000000000000000e+00,3.000000000000000000e+00,1.000000000000000056e-01
2.961999999999999886e+02,1.024359690667414169e+00,1.000000000000000000e+00,3.000000000000000000e+00,1.000000000000000056e-01
2.964000000000000341e+02,1.015389263049141677e+00,1.000000000000000000e+00,3.000000000000000000e+00,1.000000000000000056e-01
2.966000000000000227e+02,1.014044635047290477e+00,1.000000000000000000e+00,3.000000000000000000e+00,1.000000000000000056e-01
2.968000000000000114e+02,9.816393558720130086e-01,1.000000000000000000e+00,3.000000000000000000e+00,1.000000000000000056e-01
2.970000000000000000e+02,9.969640396414192196e-01,1.000000000000000000e+00,3.000000000000000000e+00,1.000000000000000056e-01
2.971999999999999886e+02,1.017844090308760219e+00,1.000000000000000000e+00,3.000000000000000000e+00,1.000000000000000056e-01
2.974000000000000341e+02,9.290583754319849952e-01,1.000000000000000000e+00,3.000000000000000000e+00,1.000000000000000056e-01
2.976000000000000227e+02,9.377129794629134318e-01,1.000000000000000000e+00,3.000000000000000000e+00,1.000000000000000056e-01
2.978000000000000114e+02,9.604239697851196800e-01,1.000000000000000000e+00,3.000000000000000000e+00,1.000000000000000056e-01
2.980000000000000000e+02,9.755161227649431499e-01,1.000000000000000000e+00,3.000000000000000000e+00,1.000000000000000056e-01
2.981999999999999886e+02,9.442405811882672584e-01,1.000000000000000000e+00,3.000000000000000000e+00,1.000000000000000056e-01
2.984000000000000341e+02,9.964020576894835335e-01,1.000000000000000000e+00,3.000000000000000000e+00,1.000000000000000056e-01
2.986000000000000227e+02,9.417047157002491620e-01,1.000000000000000000e+00,3.000000000000000000e+00,1.000000000000000056e-01
2.988000000000000114e+02,9.929423767452778549e-01,1.000000000000000000e+00,3.000000000000000000e+00,1.000000000000000056e-01
2.990000000000000000e+02,1.009720865700856951e+00,1.000000000000000000e+00,3.000000000000000000e+00,1.000000000000000056e-01
2.991999999999999886e+02,1.030267108261993636e+00,1.000000000000000000e+00,3.000000000000000000e+00,1.000000000000000056e-01
2.994000000000000341e+02,9.874784789743042968e-01,1.000000000000000000e+00,3.000000000000000000e+00,1.000000000000000056e-01
2.996000000000000227e+02,9.215120131391114633e-01,1.000000000000000000e+00,3.000000000000000000e+00,1.000000000000000056e-01
2.998000000000000114e+02,1.028026805873495597e+00,1.000000000000000000e+00,3.000000000000000000e+00,1.000000000000000056e-01
3.000000000000000000e+02,1.077125321202631936e+00,1.000000000000000000e+00,3.000000000000000000e+00,1.000000000000000056e-01
3.001999999999999886e+02,1.040637219873913777e+00,1.000000000000000000e+00,3.000000000000000000e+00,1.000000000000000056e-01
3.004000000000000341e+02,1.017298295655929996e+00,9.000000000000000222e-01,3.000000000000000000e+00,1.000000000000000056e-01
3.006000000000000227e+02,1.021399844329964113e+00,9.000000000000000222e-01,3.000000000000000000e+00,1.000000000000000056e-01
3.008000000000000114e+02,9.520633625902109598e-01,9.000000000000000222e-01,3.000000000000000000e+00,1.000000000000000056e-01
3.010000000000000000e+02,7.822289239153726870e-01,9.000000000000000222e-01,3.000000000000000000e+00,2.999999999999999889e-01
3.011999999999999886e+02,8.917933842838541292e-01,9.000000000000000222e-01,3.000000000000000000e+00,2.999999999999999889e-01
3.014000000000000341e+02,8.504441280762194966e-01,9.000000000000000222e-01,3.000000000000000000e+00,2.999999999999999889e-01
3.016000000000000227e+02,1.007881862375271442e+00,9.000000000000000222e-01,3.000000000000000000e+00,2.999999999999999889e-01
3.018000000000000114e+02,8.775031077960245840e-01,9.000000000000000222e-01,3.000000000000000000e+00,2.999999999999999889e-01
3.020000000000000000e+02,8.614616200853452144e-01,9.000000000000000222e-01,3.000000000000000000e+00,2.999999999999999889e-01
3.021999999999999886e+02,7.300061020557723213e-01,9.000000000000000222e-01,3.000000000000000000e+00,2.999999999999999889e-01
3.024000000000000341e+02,8.239252481515971782e-01,9.000000000000000222e-01,3.000000000000000000e+00,2.999999999999999889e-01
3.026000000000000227e+02,8.057785548918249274e-01,9.000000000000000222e-01,3.000000000000000000e+00,2.999999999999999889e-01
3.028000000000000114e+02,7.047845519194695374e-01,9.000000000000000222e-01,3.000000000000000000e+00,2.999999999999999889e-01
3.030000000000000000e+02,6.791197623875298017e-01,9.000000000000000222e-01,3.000000000000000000e+00,2.999999999999999889e-01
3.031999999999999886e+02,6.519017756708224143e-01,9.000000000000000222e-01,3.000000000000000000e+00,2.999999999999999889e-01
3.034000000000000341e+02,8.297002522641204747e-01,9.000000000000000222e-01,3.000000000000000000e+00,2.999999999999999889e-01
3.036000000000000227e+02,8.525764433015513566e-01,9.000000000000000222e-01,3.000000000000000000e+00,2.999999999999999889e-01
3.038000000000000114e+02,9.082839515641867312e-01,9.000000000000000222e-01,3.000000000000000000e+00,2.999999999999999889e-01
3.040000000000000000e+02,8.878831320567472929e-01,9.000000000000000222e-01,3.000000000000000000e+00,2.999999999999999889e-01
3.041999999999999886e+02,1.176829654969282268e+00,9.000000000000000222e-01,3.000000000000000000e+00,2.999999999999999889e-01
3.044000000000000341e+02,9.729976640937743060e-01,9.000000000000000222e-01,3.000000000000000000e+00,2.999999999999999889e-01
3.046000000000000227e+02,1.051050201489289959e+00,1.000000000000000000e+00,3.000000000000000000e+00,2.999999999999999889e-01
3.048000000000000114e+02,6.749748876917034401e-01,9.000000000000000222e-01,3.000000000000000000e+00,2.999999999999999889e-01
3.050000000000000000e+02,7.631724647589838151e-01,9.000000000000000222e-01,3.000000000000000000e+00,2.999999999999999889e-01
3.051999999999999886e+02,7.510035272609056900e-01,1.000000000000000000e+00,3.000000000000000000e+00,2.999999999999999889e-01
3.054000000000000341e+02,1.023789974963696281e+00,1.000000000000000000e+00,3.000000000000000000e+00,2.999999999999999889e-01
3.056000000000000227e+02,1.192535617598695863e+00,1.000000000000000000e+00,3.000000000000000000e+00,2.999999999999999889e-01
3.058000000000000114e+02,8.532944681433861644e-01,1.000000000000000000e+00,3.000000000000000000e+00,2.999999999999999889e-01
3.060000000000000000e+02,7.548338505107915486e-01,1.000000000000000000e+00,3.000000000000000000e+00,2.999999999999999889e-01
3.061999999999999886e+02,1.086805582638268985e+00,1.000000000000000000e+00,3.000000000000000000e+00,2.999999999999999889e-01
3.064000000000000341e+02,8.255574806007168753e-01,9.000000000000000222e-01,3.000000000000000000e+00,2.999999999999999889e-01
3.066000000000000227e+02,8.459755700731490524e-01,9.000000000000000222e-01,3.000000000000000000e+00,2.999999999999999889e-01
3.068000000000000114e+02,8.386351890813935617e-01,9.000000000000000222e-01,3.000000000000000000e+00,2.999999999999999889e-01
3.070000000000000000e+02,1.149453080190995902e+00,9.000000000000000222e-01,3.000000000000000000e+00,2.999999999999999889e-01
3.072000000000000455e+02,9.639869619843003390e-01,9.000000000000000222e-01,3.000000000000000000e+00,2.999999999999999889e-01
3.074000000000000341e+02,8.379599939813169307e-01,9.000000000000000222e-01,3.000000000000000000e+00,2.999999999999999889e-01
3.076000000000000227e+02,9.856729464694804488e-01,9.000000000000000222e-01,3.000000000000000000e+00,2.999999999999999889e-01
3.078000000000000114e+02,1.101682909791200426e+00,9.000000000000000222e-01,3.000000000000000000e+00,2.999999999999999889e-01
3.080000000000000000e+02,1.247512639895760334e+00,9.000000000000000222e-01,3.000000000000000000e+00,2.999999999999999889e-01
3.082000000000000455e+02,8.739014499143177295e-01,9.000000000000000222e-01,7.000000000000000000e+00,2.999999999999999889e-01
3.084000000000000341e+02,1.033454847793785270e+00,9.000000000000000222e-01,7.000000000000000000e+00,2.999999999999999889e-01
3.086000000000000227e+02,9.182711597053035968e-01,9.000000000000000222e-01,7.000000000000000000e+00,2.999999999999999889e-01
3.088000000000000114e+02,8.109974462774713899e-01,9.000000000000000222e-01,7.000000000000000000e+00,2.999999999999999889e-01
3.090000000000000000e+02,8.654427650811593598e-01,9.000000000000000222e-01,7.000000000000000000e+00,2.999999999999999889e-01
3.092000000000000455e+02,9.304408314193295393e-01,9.000000000000000222e-01,7.000000000000000000e+00,2.999999999999999889e-01
3.094000000000000341e+02,9.413232494497778546e-01,9.000000000000000222e-01,7.000000000000000000e+00,2.999999999999999889e-01
3.096000000000000227e+02,1.064847906953537482e+00,9.000000000000000222e-01,7.000000000000000000e+00,2.999999999999999889e-01
3.098000000000000114e+02,6.212890236244268394e-01,9.000000000000000222e-01,7.000000000000000000e+00,2.999999999999999889e-01
3.100000000000000000e+02,7.936018726486817609e-01,9.000000000000000222e-01,3.000000000000000000e+00,2.999999999999999889e-01
3.102000000000000455e+02,9.640003957593596962e-01,9.000000000000000222e-01,3.000000000000000000e+00,2.999999999999999889e-01
3.104000000000000341e+02,6.671109609193600631e-01,9.000000000000000222e-01,3.000000000000000000e+00,2.999999999999999889e-01
3.106000000000000227e+02,7.788859735796835881e-01,9.000000000000000222e-01,3.000000000000000000e+00,2.999999999999999889e-01
3.108000000000000114e+02,9.426813119911475747e-01,9.000000000000000222e-01,3.000000000000000000e+00,2.999999999999999889e-01
3.110000000000000000e+02,6.643154195206464330e-01,9.000000000000000222e-01,3.000000000000000000e+00,2.999999999999999889e-01
3.112000000000000455e+02,7.539739106778229338e-01,9.000000000000000222e-01,3.000000000000000000e+00,2.999999999999999889e-01
3.114000000000000341e+02,9.009108969654173737e-01,9.000000000000000222e-01,3.000000000000000000e+00,2.999999999999999889e-01
3.116000000000000227e+02,9.976392875845319086e-01,9.000000000000000222e-01,3.000000000000000000e+00,2.999999999999999889e-01
3.118000000000000114e+02,8.984462906194382592e-01,9.000000000000000222e-01,3.000000000000000000e+00,2.999999999999999889e-01
3.120000000000000000e+02,8.241294984194764695e-01,9.000000000000000222e-01,7.000000000000000000e+00,2.999999999999999889e-01
3.122000000000000455e+02,1.012267033604414390e+00,9.000000000000000222e-01,7.000000000000000000e+00,2.999999999999999889e-01
3.124000000000000341e+02,7.290563400252154658e-01,9.000000000000000222e-01,7.000000000000000000e+00,2.999999999999999889e-01
3.126000000000000227e+02,9.754183069899006187e-01,9.000000000000000222e-01,7.000000000000000000e+00,2.999999999999999889e-01
3.128000000000000114e+02,1.053422030128014386e+00,9.000000000000000222e-01,7.000000000000000000e+00,2.999999999999999889e-01
3.130000000000000000e+02,8.373827767983390569e-01,9.000000000000000222e-01,7.000000000000000000e+00,2.999999999999999889e-01
3.132000000000000455e+02,8.237155520875290016e-01,9.000000000000000222e-01,7.000000000000000000e+00,2.999999999999999889e-01
3.134000000000000341e+02,7.980104374265768463e-01,9.000000000000000222e-01,7.000000000000000000e+00,2.999999999999999889e-01
3.136000000000000227e+02,7.037255828234054711e-01,9.000000000000000222e-01,7.000000000000000000e+00,2.999999999999999889e-01
3.138000000000000114e+02,8.591262774116362744e-01,9.000000000000000222e-01,7.000000000000000000e+00,2.999999999999999889e-01
3.140000000000000000e+02,8.583845573118888961e-01,9.000000000000000222e-01,7.000000000000000000e+00,2.999999999999999889e-01
3.142000000000000455e+02,9.527664656629214468e-01,9.000000000000000222e-01,7.000000000000000000e+00,2.999999999999999889e-01
3.144000000000000341e+02,7.730377064585683966e-01,9.000000000000000222e-01,7.000000000000000000e+00,2.999999999999999889e-01
3.146000000000000227e+02,8.485636003512680992e-01,9.000000000000000222e-01,7.000000000000000000e+00,2.999999999999999889e-01
3.148000000000000114e+02,9.218831945753999113e-01,9.000000000000000222e-01,7.000000000000000000e+00,2.999999999999999889e-01
3.150000000000000000e+02,6.932072691777546591e-01,9.000000000000000222e-01,7.000000000000000000e+00,2.999999999999999889e-01
3.152000000000000455e+02,1.063538514283700609e+00,9.000000000000000222e-01,7.000000000000000000e+00,2.999999999999999889e-01
3.154000000000000341e+02,9.971918209494137209e-01,9.000000000000000222e-01,7.000000000000000000e+00,2.999999999999999889e-01
3.156000000000000227e+02,8.523923959537237360e-01,9.000000000000000222e-01,7.000000000000000000e+00,2.999999999999999889e-01
3.158000000000000114e+02,1.036478711828545674e+00,9.000000000000000222e-01,7.000000000000000000e+00,2.999999999999999889e-01
3.160000000000000000e+02,8.141284401135865378e-01,9.000000000000000222e-01,7.000000000000000000e+00,2.999999999999999889e-01
3.162000000000000455e+02,9.709638017206403404e-01,9.000000000000000222e-01,7.000000000000000000e+00,2.999999999999999889e-01
3.164000000000000341e+02,7.651320547934350458e-01,9.000000000000000222e-01,7.000000000000000000e+00,2.999999999999999889e-01
3.166000000000000227e+02,1.094415398962385488e+00,9.000000000000000222e-01,7.000000000000000000e+00,2.999999999999999889e-01
3.168000000000000114e+02,7.052215475463123884e-01,9.000000000000000222e-01,7.000000000000000000e+00,2.999999999999999889e-01
3.170000000000000000e+02,8.803769137117534171e-01,9.000000000000000222e-01,7.000000000000000000e+00,2.999999999999999889e-01
3.172000000000000455e+02,8.800709610003323302e-01,9.000000000000000222e-01,7.000000000000000000e+00,2.999999999999999889e-01
3.174000000000000341e+02,7.232550559257834299e-01,9.000000000000000222e-01,7.000000000000000000e+00,2.999999999999999889e-01
3.176000000000000227e+02,9.492750090049992817e-01,9.000000000000000222e-01,7.000000000000000000e+00,2.999999999999999889e-01
3.178000000000000114e+02,8.785680235529492732e-01,9.000000000000000222e-01,7.000000000000000000e+00,2.999999999999999889e-01
3.180000000000000000e+02,1.019499253672158101e+00,9.000000000000000222e-01,7.000000000000000000e+00,2.999999999999999889e-01
3.182000000000000455e+02,1.059163042266286103e+00,9.000000000000000222e-01,7.000000000000000000e+00,2.999999999999999889e-01
3.184000000000000341e+02,1.367915794519035000e+00,1.100000000000000089e+00,7.000000000000000000e+00,2.999999999999999889e-01
3.186000000000000227e+02,1.188268462586247409e+00,1.100000000000000089e+00,7.000000000000000000e+00,2.999999999999999889e-01
3.188000000000000114e+02,1.218415948281219796e+00,1.100000000000000089e+00,7.000000000000000000e+00,2.999999999999999889e-01
3.190000000000000000e+02,1.101114661951197116e+00,1.100000000000000089e+00,7.000000000000000000e+00,2.999999999999999889e-01
3.192000000000000455e+02,9.903806728881885402e-01,1.100000000000000089e+00,7.000000000000000000e+00,2.999999999999999889e-01
3.194000000000000341e+02,1.056292645451619272e+00,1.100000000000000089e+00,7.000000000000000000e+00,2.999999999999999889e-01
3.196000000000000227e+02,1.387425222468138930e+00,1.100000000000000089e+00,7.000000000000000000e+00,2.999999999999999889e-01
3.198000000000000114e+02,8.309316990469626241e-01,1.100000000000000089e+00,7.000000000000000000e+00,2.999999999999999889e-01
3.200000000000000000e+02,1.253233524142923994e+00,1.100000000000000089e+00,7.000000000000000000e+00,2.999999999999999889e-01
3.202000000000000455e+02,1.117618761949486172e+00,1.100000000000000089e+00,7.000000000000000000e+00,2.999999999999999889e-01
3.204000000000000341e+02,1.104586034358154389e+00,1.100000000000000089e+00,7.000000000000000000e+00,2.999999999999999889e-01
3.206000000000000227e+02,1.201010603779030905e+00,1.100000000000000089e+00,7.000000000000000000e+00,2.999999999999999889e-01
3.208000000000000114e+02,8.954533194784014549e-01,1.100000000000000089e+00,7.000000000000000000e+00,2.999999999999999889e-01
3.210000000000000000e+02,9.143769407260167181e-01,9.000000000000000222e-01,7.000000000000000000e+00,2.999999999999999889e-01
3.212000000000000455e+02,1.044917552574322617e+00,9.000000000000000222e-01,7.000000000000000000e+00,2.999999999999999889e-01
3.214000000000000341e+02,9.453256962175025091e-01,9.000000000000000222e-01,7.000000000000000000e+00,2.999999999999999889e-01
3.216000000000000227e+02,7.676325125052102516e-01,9.000000000000000222e-01,7.000000000000000000e+00,2.999999999999999889e-01
3.218000000000000114e+02,9.460717780105059038e-01,9.000000000000000222e-01,7.000000000000000000e+00,2.999999999999999889e-01
3.220000000000000000e+02,1.071310487897485508e+00,9.000000000000000222e-01,7.000000000000000000e+00,2.999999999999999889e-01
3.222000000000000455e+02,9.461480993379466353e-01,9.000000000000000222e-01,7.000000000000000000e+00,2.999999999999999889e-01
3.224000000000000341e+02,7.538567396520987618e-01,9.000000000000000222e-01,7.000000000000000000e+00,2.999999999999999889e-01
3.226000000000000227e+02,8.254411816610071062e-01,9.000000000000000222e-01,3.000000000000000000e+00,2.999999999999999889e-01
3.228000000000000114e+02,9.289956918133683850e-01,9.000000000000000222e-01,3.000000000000000000e+00,1.000000000000000056e-01
3.230000000000000000e+02,8.885748997622349155e-01,9.000000000000000222e-01,3.000000000000000000e+00,1.000000000000000056e-01
3.232000000000000455e+02,8.513729767307334217e-01,9.000000000000000222e-01,3.000000000000000000e+00,1.000000000000000056e-01
3.234000000000000341e+02,9.092635831522121181e-01,9.000000000000000222e-01,3.000000000000000000e+00,1.000000000000000056e-01
3.236000000000000227e+02,8.769216555956612646e-01,9.000000000000000222e-01,3.000000000000000000e+00,1.000000000000000056e-01
3.238000000000000114e+02,9.560764191932632494e-01,9.000000000000000222e-01,3.000000000000000000e+00,1.000000000000000056e-01
3.240000000000000000e+02,9.717223077483294613e-01,9.000000000000000222e-01,3.000000000000000000e+00,1.000000000000000056e-01
3.242000000000000455e+02,8.665079083870608212e-01,9.000000000000000222e-01,3.000000000000000000e+00,1.000000000000000056e-01
3.244000000000000341e+02,8.430833550563963108e-01,9.000000000000000222e-01,3.000000000000000000e+00,1.000000000000000056e-01
3.246000000000000227e+02,8.162426365524814154e-01,9.000000000000000222e-01,3.000000000000000000e+00,1.000000000000000056e-01
3.248000000000000114e+02,8.045617528841547683e-01,9.000000000000000222e-01,3.000000000000000000e+00,1.000000000000000056e-01
3.250000000000000000e+02,8.821124561753386217e-01,9.000000000000000222e-01,3.000000000000000000e+00,1.000000000000000056e-01
3.252000000000000455e+02,8.894374028109411912e-01,9.000000000000000222e-01,3.000000000000000000e+00,1.000000000000000056e-01
3.254000000000000341e+02,8.912214917080407695e-01,9.000000000000000222e-01,3.000000000000000000e+00,1.000000000000000056e-01
3.256000000000000227e+02,9.645463162629299703e-01,9.000000000000000222e-01,3.000000000000000000e+00,1.000000000000000056e-01
3.258000000000000114e+02,9.319842787685793661e-01,9.000000000000000222e-01,3.000000000000000000e+00,1.000000000000000056e-01
3.260000000000000000e+02,8.817278755484622144e-01,9.000000000000000222e-01,3.000000000000000000e+00,1.000000000000000056e-01
3.262000000000000455e+02,8.062409548281178617e-01,9.000000000000000222e-01,3.000000000000000000e+00,1.000000000000000056e-01
3.264000000000000341e+02,8.761358806148077383e-01,9.000000000000000222e-01,3.000000000000000000e+00,1.000000000000000056e-01
3.266000000000000227e+02,8.539391917073240190e-01,9.000000000000000222e-01,3.000000000000000000e+00,1.000000000000000056e-01
3.268000000000000114e+02,9.326636008926858512e-01,9.000000000000000222e-01,3.000000000000000000e+00,1.000000000000000056e-01
3.270000000000000000e+02,9.191401433184915870e-01,9.000000000000000222e-01,3.000000000000000000e+00,1.000000000000000056e-01
3.272000000000000455e+02,9.070283035020970663e-01,9.000000000000000222e-01,3.000000000000000000e+00,1.000000000000000056e-01
3.274000000000000341e+02,8.285036493682055303e-01,9.000000000000000222e-01,3.000000000000000000e+00,1.000000000000000056e-01
3.276000000000000227e+02,7.714704671772067979e-01,9.000000000000000222e-01,3.000000000000000000e+00,1.000000000000000056e-01
3.278000000000000114e+02,9.494310040175184540e-01,9.000000000000000222e-01,3.000000000000000000e+00,1.000000000000000056e-01
3.280000000000000000e+02,8.463401661319756020e-01,9.000000000000000222e-01,7.000000000000000000e+00,1.000000000000000056e-01
3.282000000000000455e+02,9.184966436533523737e-01,9.000000000000000222e-01,7.000000000000000000e+00,1.000000000000000056e-01
3.284000000000000341e+02,8.994943159839058344e-01,9.000000000000000222e-01,7.000000000000000000e+00,1.000000000000000056e-01
3.286000000000000227e+02,8.339366971537228723e-01,9.000000000000000222e-01,7.000000000000000000e+00,1.000000000000000056e-01
3.288000000000000114e+02,9.069146187931516057e-01,9.000000000000000222e-01,7.000000000000000000e+00,1.000000000000000056e-01
3.290000000000000000e+02,9.270268081227484025e-01,9.000000000000000222e-01,7.000000000000000000e+00,1.000000000000000056e-01
3.292000000000000455e+02,8.542403751121302458e-01,9.000000000000000222e-01,7.000000000000000000e+00,1.000000000000000056e-01
3.294000000000000341e+02,8.937053701268609096e-01,9.000000000000000222e-01,7.000000000000000000e+00,1.000000000000000056e-01
3.296000000000000227e+02,9.708572764277250133e-01,9.000000000000000222e-01,7.000000000000000000e+00,1.000000000000000056e-01
3.298000000000000114e+02,9.268210034990012058e-01,9.000000000000000222e-01,7.000000000000000000e+00,1.000000000000000056e-01
3.300000000000000000e+02,8.667615547708892310e-01,9.000000000000000222e-01,7.000000000000000000e+00,1.000000000000000056e-01
3.302000000000000455e+02,8.838330976018875518e-01,9.000000000000000222e-01,7.000000000000000000e+00,1.000000000000000056e-01
3.304000000000000341e+02,9.539276303861493611e-01,9.000000000000000222e-01,7.000000000000000000e+00,1.000000000000000056e-01
3.306000000000000227e+02,8.463129787013089489e-01,9.000000000000000222e-01,7.000000000000000000e+00,1.000000000000000056e-01
3.308000000000000114e+02,9.543914195392911859e-01,9.000000000000000222e-01,7.000000000000000000e+00,1.000000000000000056e-01
3.310000000000000000e+02,8.951649339474841982e-01,9.000000000000000222e-01,7.000000000000000000e+00,1.000000000000000056e-01
3.312000000000000455e+02,8.758216753808837352e-01,9.000000000000000222e-01,7.000000000000000000e+00,1.000000000000000056e-01
3.314000000000000341e+02,7.950931737409769884e-01,9.000000000000000222e-01,7.000000000000000000e+00,1.000000000000000056e-01
3.316000000000000227e+02,9.599161628737268304e-01,9.000000000000000222e-01,7.000000000000000000e+00,1.000000000000000056e-01
3.318000000000000114e+02,8.541189481020025065e-01,9.000000000000000222e-01,7.000000000000000000e+00,1.000000000000000056e-01
3.320000000000000000e+02,9.401903843421016704e-01,9.000000000000000222e-01,7.000000000000000000e+00,1.000000000000000056e-01
3.322000000000000455e+02,8.987591832401612413e-01,9.000000000000000222e-01,7.000000000000000000e+00,1.000000000000000056e-01
3.324000000000000341e+02,8.484395025105239130e-01,9.000000000000000222e-01,7.000000000000000000e+00,1.000000000000000056e-01
3.326000000000000227e+02,8.825890968707945650e-01,9.000000000000000222e-01,7.000000000000000000e+00,1.000000000000000056e-01
3.328000000000000114e+02,8.230898284948159338e-01,9.000000000000000222e-01,7.000000000000000000e+00,1.000000000000000056e-01
3.330000000000000000e+02,9.650417849840650097e-01,9.000000000000000222e-01,7.000000000000000000e+00,1.000000000000000056e-01
3.332000000000000455e+02,8.956592210784061203e-01,9.000000000000000222e-01,7.000000000000000000e+00,1.000000000000000056e-01
3.334000000000000341e+02,9.175101654928139450e-01,9.000000000000000222e-01,7.000000000000000000e+00,1.000000000000000056e-01
3.336000000000000227e+02,7.951579653389343472e-01,9.000000000000000222e-01,7.000000000000000000e+00,1.000000000000000056e-01
3.338000000000000114e+02,7.805450024358768779e-01,9.000000000000000222e-01,3.000000000000000000e+00,1.000000000000000056e-01
3.340000000000000000e+02,7.622699552835802139e-01,9.000000000000000222e-01,3.000000000000000000e+00,1.000000000000000056e-01
3.342000000000000455e+02,8.291400223273619474e-01,9.000000000000000222e-01,3.000000000000000000e+00,1.000000000000000056e-01
3.344000000000000341e+02,7.917662074833692332e-01,9.000000000000000222e-01,3.000000000000000000e+00,1.000000000000000056e-01
3.346000000000000227e+02,7.971971464225153792e-01,9.000000000000000222e-01,3.000000000000000000e+00,1.000000000000000056e-01
3.348000000000000114e+02,8.295018251814021415e-01,9.000000000000000222e-01,3.000000000000000000e+00,1.000000000000000056e-01
3.350000000000000000e+02,8.653084489723661399e-01,9.000000000000000222e-01,3.000000000000000000e+00,1.000000000000000056e-01
3.352000000000000455e+02,9.135198095048924216e-01,9.000000000000000222e-01,3.000000000000000000e+00,1.000000000000000056e-01
3.354000000000000341e+02,9.331544656881919364e-01,9.000000000000000222e-01,3.000000000000000000e+00,1.000000000000000056e-01
3.356000000000000227e+02,9.530218225621973627e-01,9.000000000000000222e-01,3.000000000000000000e+00,1.000000000000000056e-01
3.358000000000000114e+02,8.826552348267263648e-01,9.000000000000000222e-01,3.000000000000000000e+00,1.000000000000000056e-01
3.360000000000000000e+02,8.544498479794564449e-01,9.000000000000000222e-01,3.000000000000000000e+00,1.000000000000000056e-01
3.362000000000000455e+02,9.307426083207318568e-01,9.000000000000000222e-01,3.000000000000000000e+00,1.000000000000000056e-01
3.364000000000000341e+02,8.797361683633768692e-01,9.000000000000000222e-01,3.000000000000000000e+00,1.000000000000000056e-01
3.366000000000000227e+02,9.590739481732658556e-01,9.000000000000000222e-01,3.000000000000000000e+00,1.000000000000000056e-01
3.368000000000000114e+02,9.167842502576371011e-01,9.000000000000000222e-01,3.000000000000000000e+00,1.000000000000000056e-01
3.370000000000000000e+02,8.326456539982622918e-01,9.000000000000000222e-01,3.000000000000000000e+00,1.000000000000000056e-01
3.372000000000000455e+02,7.713417629227441452e-01,9.000000000000000222e-01,3.000000000000000000e+00,1.000000000000000056e-01
3.374000000000000341e+02,9.579479336647239718e-01,9.000000000000000222e-01,7.000000000000000000e+00,1.000000000000000056e-01
3.376000000000000227e+02,8.897424394254850322e-01,9.000000000000000222e-01,3.000000000000000000e+00,1.000000000000000056e-01
3.378000000000000114e+02,9.007861593913076836e-01,9.000000000000000222e-01,3.000000000000000000e+00,1.000000000000000056e-01
3.380000000000000000e+02,9.378895403485392190e-01,9.000000000000000222e-01,3.000000000000000000e+00,1.000000000000000056e-01
3.382000000000000455e+02,9.176062799100327405e-01,9.000000000000000222e-01,3.000000000000000000e+00,1.000000000000000056e-01
3.384000000000000341e+02,8.969886044803221381e-01,9.000000000000000222e-01,3.000000000000000000e+00,1.000000000000000056e-01
3.386000000000000227e+02,8.922465577959620697e-01,9.000000000000000222e-01,3.000000000000000000e+00,1.000000000000000056e-01
3.388000000000000114e+02,9.476896877803866470e-01,9.000000000000000222e-01,3.000000000000000000e+00,1.000000000000000056e-01
3.390000000000000000e+02,9.862582597280484809e-01,9.000000000000000222e-01,3.000000000000000000e+00,1.000000000000000056e-01
3.392000000000000455e+02,8.541033393601342727e-01,9.000000000000000222e-01,7.000000000000000000e+00,1.000000000000000056e-01
3.394000000000000341e+02,9.222592731115692999e-01,9.000000000000000222e-01,7.000000000000000000e+00,1.000000000000000056e-01
3.396000000000000227e+02,8.449243348489648975e-01,9.000000000000000222e-01,7.000000000000000000e+00,1.000000000000000056e-01
3.398000000000000114e+02,8.800854678429915756e-01,9.000000000000000222e-01,7.000000000000000000e+00,1.000000000000000056e-01
3.400000000000000000e+02,9.558633451055361663e-01,9.000000000000000222e-01,7.000000000000000000e+00,1.000000000000000056e-01
3.402000000000000455e+02,9.071269738492528933e-01,9.000000000000000222e-01,7.000000000000000000e+00,1.000000000000000056e-01
3.404000000000000341e+02,9.360459688880931051e-01,9.000000000000000222e-01,7.000000000000000000e+00,1.000000000000000056e-01
3.406000000000000227e+02,8.632071687291784645e-01,9.000000000000000222e-01,7.000000000000000000e+00,1.000000000000000056e-01
3.408000000000000114e+02,8.276840755894383506e-01,9.000000000000000222e-01,7.000000000000000000e+00,1.000000000000000056e-01
3.410000000000000000e+02,9.255852792420915520e-01,9.000000000000000222e-01,7.000000000000000000e+00,1.000000000000000056e-01
3.412000000000000455e+02,8.863638675019930302e-01,9.000000000000000222e-01,7.000000000000000000e+00,1.000000000000000056e-01
3.414000000000000341e+02,9.091377022455420231e-01,9.000000000000000222e-01,7.000000000000000000e+00,1.000000000000000056e-01
3.416000000000000227e+02,9.432335430316781677e-01,9.000000000000000222e-01,7.000000000000000000e+00,1.000000000000000056e-01
3.418000000000000114e+02,8.789113201557723354e-01,9.000000000000000222e-01,7.000000000000000000e+00,1.000000000000000056e-01
3.420000000000000000e+02,8.734163413914943774e-01,9.000000000000000222e-01,7.000000000000000000e+00,1.000000000000000056e-01
3.422000000000000455e+02,8.798686008570415495e-01,9.000000000000000222e-01,7.000000000000000000e+00,1.000000000000000056e-01
3.424000000000000341e+02,9.349113868122359561e-01,9.000000000000000222e-01,7.000000000000000000e+00,1.000000000000000056e-01
3.426000000000000227e+02,9.333322798924401642e-01,9.000000000000000222e-01,7.000000000000000000e+00,1.000000000000000056e-01
3.428000000000000114e+02,8.525081572756418868e-01,9.000000000000000222e-01,7.000000000000000000e+00,1.000000000000000056e-01
3.430000000000000000e+02,9.271529771135250675e-01,9.000000000000000222e-01,7.000000000000000000e+00,1.000000000000000056e-01
3.432000000000000455e+02,9.391349774498067848e-01,9.000000000000000222e-01,7.000000000000000000e+00,1.000000000000000056e-01
3.434000000000000341e+02,9.338960284120809696e-01,9.000000000000000222e-01,7.000000000000000000e+00,1.000000000000000056e-01
3.436000000000000227e+02,8.124542577694225942e-01,9.000000000000000222e-01,7.000000000000000000e+00,1.000000000000000056e-01
3.438000000000000114e+02,8.841193932317494841e-01,9.000000000000000222e-01,7.000000000000000000e+00,1.000000000000000056e-01
3.440000000000000000e+02,9.286669454394215206e-01,9.000000000000000222e-01,7.000000000000000000e+00,1.000000000000000056e-01
3.442000000000000455e+02,8.529105109802939122e-01,9.000000000000000222e-01,7.000000000000000000e+00,1.000000000000000056e-01
3.444000000000000341e+02,9.231950806812702082e-01,9.000000000000000222e-01,7.000000000000000000e+00,1.000000000000000056e-01
3.446000000000000227e+02,9.840421837766595292e-01,9.000000000000000222e-01,7.000000000000000000e+00,1.000000000000000056e-01
3.448000000000000114e+02,7.636720780132356667e-01,9.000000000000000222e-01,7.000000000000000000e+00,1.000000000000000056e-01
3.450000000000000000e+02,8.721497460461390405e-01,9.000000000000000222e-01,3.000000000000000000e+00,1.000000000000000056e-01
3.452000000000000455e+02,9.320165331649884477e-01,9.000000000000000222e-01,3.000000000000000000e+00,1.000000000000000056e-01
3.454000000000000341e+02,9.517987171315346329e-01,9.000000000000000222e-01,3.000000000000000000e+00,1.000000000000000056e-01
3.456000000000000227e+02,8.500509623454448604e-01,9.000000000000000222e-01,3.000000000000000000e+00,1.000000000000000056e-01
3.458000000000000114e+02,8.748454453943433906e-01,9.000000000000000222e-01,3.000000000000000000e+00,1.000000000000000056e-01
3.460000000000000000e+02,9.328421204709167469e-01,9.000000000000000222e-01,3.000000000000000000e+00,1.000000000000000056e-01
3.462000000000000455e+02,9.032676462641345827e-01,9.000000000000000222e-01,3.000000000000000000e+00,1.000000000000000056e-01
3.464000000000000341e+02,8.924827390819705109e-01,9.000000000000000222e-01,3.000000000000000000e+00,1.000000000000000056e-01
3.466000000000000227e+02,8.068909153910944765e-01,9.000000000000000222e-01,3.000000000000000000e+00,1.000000000000000056e-01
3.468000000000000114e+02,8.423254935512796138e-01,9.000000000000000222e-01,3.000000000000000000e+00,1.000000000000000056e-01
3.470000000000000000e+02,8.278767041219458056e-01,9.000000000000000222e-01,3.000000000000000000e+00,1.000000000000000056e-01
3.472000000000000455e+02,9.015197322448073036e-01,9.000000000000000222e-01,3.000000000000000000e+00,1.000000000000000056e-01
3.474000000000000341e+02,8.548668420025401504e-01,9.000000000000000222e-01,3.000000000000000000e+00,1.000000000000000056e-01
3.476000000000000227e+02,9.201505451233399357e-01,9.000000000000000222e-01,3.000000000000000000e+00,1.000000000000000056e-01
3.478000000000000114e+02,8.250180290558368768e-01,9.000000000000000222e-01,3.000000000000000000e+00,1.000000000000000056e-01
3.480000000000000000e+02,8.236871989090539525e-01,9.000000000000000222e-01,3.000000000000000000e+00,1.000000000000000056e-01
3.482000000000000455e+02,8.483537867915448283e-01,9.000000000000000222e-01,3.000000000000000000e+00,1.000000000000000056e-01
3.484000000000000341e+02,8.613499772043630154e-01,9.000000000000000222e-01,3.000000000000000000e+00,1.000000000000000056e-01
3.486000000000000227e+02,8.972828043662972597e-01,9.000000000000000222e-01,3.000000000000000000e+00,1.000000000000000056e-01
3.488000000000000114e+02,8.773244900747710906e-01,9.000000000000000222e-01,3.000000000000000000e+00,1.000000000000000056e-01
3.490000000000000000e+02,8.592957369537714829e-01,9.000000000000000222e-01,3.000000000000000000e+00,1.000000000000000056e-01
3.492000000000000455e+02,8.613705451073959685e-01,9.000000000000000222e-01,3.000000000000000000e+00,2.999999999999999889e-01
3.494000000000000341e+02,8.266782615401926382e-01,9.000000000000000222e-01,3.000000000000000000e+00,2.999999999999999889e-01
3.496000000000000227e+02,9.196665148043504656e-01,9.000000000000000222e-01,3.000000000000000000e+00,2.999999999999999889e-01
3.498000000000000114e+02,8.565313045464986175e-01,9.000000000000000222e-01,3.000000000000000000e+00,2.999999999999999889e-01
3.500000000000000000e+02,7.516520093876204456e-01,9.000000000000000222e-01,3.000000000000000000e+00,2.999999999999999889e-01
3.502000000000000455e+02,1.158820925993862883e+00,9.000000000000000222e-01,3.000000000000000000e+00,2.999999999999999889e-01
3.504000000000000341e+02,1.144283280613448195e+00,9.000000000000000222e-01,3.000000000000000000e+00,2.999999999999999889e-01
3.506000000000000227e+02,1.051006730301679237e+00,9.000000000000000222e-01,3.000000000000000000e+00,2.999999999999999889e-01
3.508000000000000114e+02,1.129958327385268024e+00,9.000000000000000222e-01,3.000000000000000000e+00,2.999999999999999889e-01
3.510000000000000000e+02,1.087842164820705948e+00,9.000000000000000222e-01,3.000000000000000000e+00,2.999999999999999889e-01
3.512000000000000455e+02,7.345607631456968489e-01,9.000000000000000222e-01,3.000000000000000000e+00,2.999999999999999889e-01
3.514000000000000341e+02,6.809041996793103735e-01,9.000000000000000222e-01,3.000000000000000000e+00,2.999999999999999889e-01
3.516000000000000227e+02,9.263307844553905213e-01,9.000000000000000222e-01,3.000000000000000000e+00,2.999999999999999889e-01
3.518000000000000114e+02,8.639315414197447085e-01,9.000000000000000222e-01,3.000000000000000000e+00,2.999999999999999889e-01
3.520000000000000000e+02,8.396379483971608826e-01,9.000000000000000222e-01,3.000000000000000000e+00,2.999999999999999889e-01
3.522000000000000455e+02,8.869732428513283917e-01,9.000000000000000222e-01,3.000000000000000000e+00,2.999999999999999889e-01
3.524000000000000341e+02,9.155449680831729831e-01,9.000000000000000222e-01,3.000000000000000000e+00,1.000000000000000056e-01
3.526000000000000227e+02,9.487351884111033806e-01,9.000000000000000222e-01,3.000000000000000000e+00,1.000000000000000056e-01
3.528000000000000114e+02,9.664572725868563197e-01,9.000000000000000222e-01,3.000000000000000000e+00,1.000000000000000056e-01
3.530000000000000000e+02,9.320812077676222662e-01,9.000000000000000222e-01,3.000000000000000000e+00,1.000000000000000056e-01
3.532000000000000455e+02,9.791833821970031826e-01,9.000000000000000222e-01,3.000000000000000000e+00,1.000000000000000056e-01
3.534000000000000341e+02,9.190339373066197526e-01,9.000000000000000222e-01,3.000000000000000000e+00,1.000000000000000056e-01
3.536000000000000227e+02,8.773981796361008945e-01,9.000000000000000222e-01,7.000000000000000000e+00,1.000000000000000056e-01
3.538000000000000114e+02,8.853859238705283907e-01,9.000000000000000222e-01,7.000000000000000000e+00,1.000000000000000056e-01
3.540000000000000000e+02,9.012427070213930858e-01,9.000000000000000222e-01,7.000000000000000000e+00,1.000000000000000056e-01
3.542000000000000455e+02,1.120074981912391188e+00,1.000000000000000000e+00,7.000000000000000000e+00,1.000000000000000056e-01
3.544000000000000341e+02,9.402574354735089290e-01,1.000000000000000000e+00,7.000000000000000000e+00,1.000000000000000056e-01
3.546000000000000227e+02,1.040114438511735795e+00,1.000000000000000000e+00,7.000000000000000000e+00,1.000000000000000056e-01
3.548000000000000114e+02,1.039347966839008208e+00,1.000000000000000000e+00,7.000000000000000000e+00,1.000000000000000056e-01
3.550000000000000000e+02,9.190923553555434555e-01,1.000000000000000000e+00,7.000000000000000000e+00,1.000000000000000056e-01
3.552000000000000455e+02,1.012647850366069413e+00,1.000000000000000000e+00,7.000000000000000000e+00,1.000000000000000056e-01
3.554000000000000341e+02,9.813528690062394144e-01,1.000000000000000000e+00,7.000000000000000000e+00,1.000000000000000056e-01
3.556000000000000227e+02,1.073009529352000557e+00,1.000000000000000000e+00,7.000000000000000000e+00,1.000000000000000056e-01
3.558000000000000114e+02,1.019622563426483275e+00,1.000000000000000000e+00,7.000000000000000000e+00,1.000000000000000056e-01
3.560000000000000000e+02,1.032355876774391001e+00,1.000000000000000000e+00,7.000000000000000000e+00,1.000000000000000056e-01
3.562000000000000455e+02,9.876195202292237241e-01,1.000000000000000000e+00,7.000000000000000000e+00,1.000000000000000056e-01
3.564000000000000341e+02,9.718692859330724243e-01,1.000000000000000000e+00,7.000000000000000000e+00,1.000000000000000056e-01
3.566000000000000227e+02,9.548664853357134996e-01,1.000000000000000000e+00,7.000000000000000000e+00,1.000000000000000056e-01
3.568000000000000114e+02,9.154712837244277646e-01,1.000000000000000000e+00,7.000000000000000000e+00,1.000000000000000056e-01
3.570000000000000000e+02,1.014290547638414752e+00,1.000000000000000000e+00,7.000000000000000000e+00,1.000000000000000056e-01
3.572000000000000455e+02,9.681285942482423801e-01,1.000000000000000000e+00,7.000000000000000000e+00,1.000000000000000056e-01
3.574000000000000341e+02,1.001314620138703093e+00,1.000000000000000000e+00,7.000000000000000000e+00,1.000000000000000056e-01
3.576000000000000227e+02,9.643451398983691192e-01,1.000000000000000000e+00,7.000000000000000000e+00,1.000000000000000056e-01
3.578000000000000114e+02,1.017520644874476909e+00,1.000000000000000000e+00,7.000000000000000000e+00,1.000000000000000056e-01
3.580000000000000000e+02,9.772601111312720912e-01,1.000000000000000000e+00,7.000000000000000000e+00,1.000000000000000056e-01
3.582000000000000455e+02,1.024818191511083887e+00,1.000000000000000000e+00,7.000000000000000000e+00,1.000000000000000056e-01
3.584000000000000341e+02,9.605012238964520943e-01,1.000000000000000000e+00,7.000000000000000000e+00,1.000000000000000056e-01
3.586000000000000227e+02,1.047688243603136726e+00,1.000000000000000000e+00,7.000000000000000000e+00,1.000000000000000056e-01
3.588000000000000114e+02,9.837160266340285730e-01,1.000000000000000000e+00,7.000000000000000000e+00,1.000000000000000056e-01
3.590000000000000000e+02,1.054430554815207977e+00,1.000000000000000000e+00,7.000000000000000000e+00,1.000000000000000056e-01
3.592000000000000455e+02,9.981977704015002617e-01,1.000000000000000000e+00,7.000000000000000000e+00,1.000000000000000056e-01
3.594000000000000341e+02,1.024786642828797278e+00,1.000000000000000000e+00,7.000000000000000000e+00,1.000000000000000056e-01
3.596000000000000227e+02,1.030616841731922140e+00,1.000000000000000000e+00,7.000000000000000000e+00,1.000000000000000056e-01
3.598000000000000114e+02,9.152335293453139897e-01,1.000000000000000000e+00,7.000000000000000000e+00,1.000000000000000056e-01
3.600000000000000000e+02,1.071944653611325515e+00,1.000000000000000000e+00,7.000000000000000000e+00,1.000000000000000056e-01
3.602000000000000455e+02,9.641298694693113402e-01,1.000000000000000000e+00,7.000000000000000000e+00,1.000000000000000056e-01
3.604000000000000341e+02,1.024925591587428020e+00,1.000000000000000000e+00,7.000000000000000000e+00,1.000000000000000056e-01
3.606000000000000227e+02,9.479150225231550708e-01,1.000000000000000000e+00,7.000000000000000000e+00,1.000000000000000056e-01
3.608000000000000114e+02,1.022994380316094798e+00,1.000000000000000000e+00,7.000000000000000000e+00,1.000000000000000056e-01
3.610000000000000000e+02,1.073524609790500017e+00,1.000000000000000000e+00,7.000000000000000000e+00,1.000000000000000056e-01
3.612000000000000455e+02,9.556587351482886961e-01,1.000000000000000000e+00,7.000000000000000000e+00,1.000000000000000056e-01
3.614000000000000341e+02,9.786978975575910678e-01,1.000000000000000000e+00,7.000000000000000000e+00,1.000000000000000056e-01
3.616000000000000227e+02,1.004388982703812605e+00,1.000000000000000000e+00,7.000000000000000000e+00,1.000000000000000056e-01
3.618000000000000114e+02,9.584916367462342768e-01,1.000000000000000000e+00,7.000000000000000000e+00,1.000000000000000056e-01
3.620000000000000000e+02,1.024703703872562821e+00,1.000000000000000000e+00,7.000000000000000000e+00,1.000000000000000056e-01
3.622000000000000455e+02,9.463428896282768399e-01,1.000000000000000000e+00,7.000000000000000000e+00,1.000000000000000056e-01
3.624000000000000341e+02,1.044144077391417458e+00,1.000000000000000000e+00,7.000000000000000000e+00,1.000000000000000056e-01
3.626000000000000227e+02,9.682337006304019278e-01,1.000000000000000000e+00,7.000000000000000000e+00,1.000000000000000056e-01
3.628000000000000114e+02,1.035858002029855118e+00,1.000000000000000000e+00,7.000000000000000000e+00,1.000000000000000056e-01
3.630000000000000000e+02,1.084581730177184955e+00,1.000000000000000000e+00,7.000000000000000000e+00,1.000000000000000056e-01
3.632000000000000455e+02,9.411778692571448612e-01,1.000000000000000000e+00,7.000000000000000000e+00,1.000000000000000056e-01
3.634000000000000341e+02,9.452920674919579325e-01,1.000000000000000000e+00,7.000000000000000000e+00,1.000000000000000056e-01
3.636000000000000227e+02,1.060903598852698915e+00,1.000000000000000000e+00,7.000000000000000000e+00,1.000000000000000056e-01
3.638000000000000114e+02,1.040377425993316729e+00,1.000000000000000000e+00,7.000000000000000000e+00,1.000000000000000056e-01
3.640000000000000000e+02,9.500365730645966567e-01,1.000000000000000000e+00,7.000000000000000000e+00,1.000000000000000056e-01
3.642000000000000455e+02,1.014871514609205327e+00,1.000000000000000000e+00,7.000000000000000000e+00,1.000000000000000056e-01
3.644000000000000341e+02,9.160571820758844908e-01,1.000000000000000000e+00,7.000000000000000000e+00,2.999999999999999889e-01
3.646000000000000227e+02,9.618656944392763863e-01,1.000000000000000000e+00,7.000000000000000000e+00,2.999999999999999889e-01
3.648000000000000114e+02,1.235335276020379958e+00,1.000000000000000000e+00,7.000000000000000000e+00,2.999999999999999889e-01
3.650000000000000000e+02,8.053360170730796685e-01,1.000000000000000000e+00,7.000000000000000000e+00,2.999999999999999889e-01
3.652000000000000455e+02,9.490447315858155930e-01,1.000000000000000000e+00,7.000000000000000000e+00,2.999999999999999889e-01
3.654000000000000341e+02,1.077757856314178531e+00,1.000000000000000000e+00,7.000000000000000000e+00,2.999999999999999889e-01
3.656000000000000227e+02,1.034494475903225741e+00,1.000000000000000000e+00,7.000000000000000000e+00,2.999999999999999889e-01
3.658000000000000114e+02,9.186809525116971242e-01,1.000000000000000000e+00,7.000000000000000000e+00,2.999999999999999889e-01
3.660000000000000000e+02,1.107467888394758848e+00,1.000000000000000000e+00,7.000000000000000000e+00,2.999999999999999889e-01
3.662000000000000455e+02,8.989082830640173771e-01,1.000000000000000000e+00,7.000000000000000000e+00,2.999999999999999889e-01
3.664000000000000341e+02,7.999816599616560442e-01,1.000000000000000000e+00,7.000000000000000000e+00,2.999999999999999889e-01
3.666000000000000227e+02,8.101317135331773667e-01,1.000000000000000000e+00,7.000000000000000000e+00,2.999999999999999889e-01
3.668000000000000114e+02,1.147094126095253408e+00,1.000000000000000000e+00,7.000000000000000000e+00,2.999999999999999889e-01
3.670000000000000000e+02,8.019937238783866329e-01,1.000000000000000000e+00,7.000000000000000000e+00,2.999999999999999889e-01
3.672000000000000455e+02,1.020720024497526301e+00,1.000000000000000000e+00,7.000000000000000000e+00,2.999999999999999889e-01
3.674000000000000341e+02,1.142571157776518742e+00,1.000000000000000000e+00,7.000000000000000000e+00,2.999999999999999889e-01
3.676000000000000227e+02,7.513444668396113135e-01,1.000000000000000000e+00,7.000000000000000000e+00,2.999999999999999889e-01
3.678000000000000114e+02,1.041450247841637644e+00,1.000000000000000000e+00,7.000000000000000000e+00,2.999999999999999889e-01
3.680000000000000000e+02,1.283682411686769553e+00,1.000000000000000000e+00,7.000000000000000000e+00,2.999999999999999889e-01
3.682000000000000455e+02,8.816314707028943820e-01,1.000000000000000000e+00,7.000000000000000000e+00,2.999999999999999889e-01
3.684000000000000341e+02,9.361636292186560349e-01,1.000000000000000000e+00,7.000000000000000000e+00,2.999999999999999889e-01
3.686000000000000227e+02,1.030400893637819060e+00,1.000000000000000000e+00,7.000000000000000000e+00,2.999999999999999889e-01
3.688000000000000114e+02,1.028968773728108799e+00,1.000000000000000000e+00,7.000000000000000000e+00,2.999999999999999889e-01
3.690000000000000000e+02,9.656086018963563333e-01,1.000000000000000000e+00,7.000000000000000000e+00,2.999999999999999889e-01
3.692000000000000455e+02,1.006637881580081162e+00,1.100000000000000089e+00,7.000000000000000000e+00,2.999999999999999889e-01
3.694000000000000341e+02,1.138066261585913619e+00,1.100000000000000089e+00,7.000000000000000000e+00,2.999999999999999889e-01
3.696000000000000227e+02,1.079207408570906912e+00,1.100000000000000089e+00,7.000000000000000000e+00,2.999999999999999889e-01
3.698000000000000114e+02,1.262950406441826656e+00,1.100000000000000089e+00,7.000000000000000000e+00,2.999999999999999889e-01
3.700000000000000000e+02,9.982490655986445693e-01,1.100000000000000089e+00,7.000000000000000000e+00,2.999999999999999889e-01
3.702000000000000455e+02,1.328903521717495373e+00,1.100000000000000089e+00,7.000000000000000000e+00,2.999999999999999889e-01
3.704000000000000341e+02,9.613674880105071985e-01,1.100000000000000089e+00,7.000000000000000000e+00,2.999999999999999889e-01
3.706000000000000227e+02,1.084931363041852448e+00,1.100000000000000089e+00,7.000000000000000000e+00,1.000000000000000056e-01
3.708000000000000114e+02,1.103845725390135035e+00,1.100000000000000089e+00,7.000000000000000000e+00,1.000000000000000056e-01
3.710000000000000000e+02,1.085705100181389549e+00,1.100000000000000089e+00,7.000000000000000000e+00,1.000000000000000056e-01
3.712000000000000455e+02,1.085208642366237708e+00,1.100000000000000089e+00,7.000000000000000000e+00,1.000000000000000056e-01
3.714000000000000341e+02,1.109062727514265045e+00,1.100000000000000089e+00,7.000000000000000000e+00,1.000000000000000056e-01
3.716000000000000227e+02,1.079470249872061860e+00,1.100000000000000089e+00,7.000000000000000000e+00,1.000000000000000056e-01
3.718000000000000114e+02,1.164657048340056678e+00,1.100000000000000089e+00,7.000000000000000000e+00,1.000000000000000056e-01
3.720000000000000000e+02,1.048710028361454105e+00,1.100000000000000089e+00,7.000000000000000000e+00,1.000000000000000056e-01
3.722000000000000455e+02,1.045171738031852593e+00,1.100000000000000089e+00,7.000000000000000000e+00,1.000000000000000056e-01
3.724000000000000341e+02,1.081516057725640856e+00,1.100000000000000089e+00,7.000000000000000000e+00,1.000000000000000056e-01
3.726000000000000227e+02,1.117291111172892926e+00,1.100000000000000089e+00,7.000000000000000000e+00,1.000000000000000056e-01
3.728000000000000114e+02,1.061616421025761259e+00,1.100000000000000089e+00,7.000000000000000000e+00,1.000000000000000056e-01
3.730000000000000000e+02,1.107659753381725842e+00,1.100000000000000089e+00,7.000000000000000000e+00,1.000000000000000056e-01
3.732000000000000455e+02,1.017436910925068272e+00,1.100000000000000089e+00,3.000000000000000000e+00,1.000000000000000056e-01
3.734000000000000341e+02,1.131396947616420290e+00,1.100000000000000089e+00,3.000000000000000000e+00,1.000000000000000056e-01
3.736000000000000227e+02,1.020828700560487912e+00,1.100000000000000089e+00,3.000000000000000000e+00,1.000000000000000056e-01
3.738000000000000114e+02,1.015559220701583776e+00,1.000000000000000000e+00,3.000000000000000000e+00,1.000000000000000056e-01
3.740000000000000000e+02,9.129512856439071511e-01,1.000000000000000000e+00,3.000000000000000000e+00,1.000000000000000056e-01
3.742000000000000455e+02,9.076596920265563861e-01,1.000000000000000000e+00,3.000000000000000000e+00,1.000000000000000056e-01
3.744000000000000341e+02,9.393357168410000346e-01,1.000000000000000000e+00,3.000000000000000000e+00,1.000000000000000056e-01
3.746000000000000227e+02,9.402115776181554363e-01,1.000000000000000000e+00,3.000000000000000000e+00,1.000000000000000056e-01
3.748000000000000114e+02,9.819730778081150468e-01,1.000000000000000000e+00,3.000000000000000000e+00,1.000000000000000056e-01
3.750000000000000000e+02,9.520342770566242452e-01,1.000000000000000000e+00,3.000000000000000000e+00,1.000000000000000056e-01
3.752000000000000455e+02,9.353532971020935838e-01,1.000000000000000000e+00,3.000000000000000000e+00,1.000000000000000056e-01
3.754000000000000341e+02,1.060242457544751771e+00,1.000000000000000000e+00,3.000000000000000000e+00,1.000000000000000056e-01
3.756000000000000227e+02,1.037231906406911763e+00,1.000000000000000000e+00,3.000000000000000000e+00,1.000000000000000056e-01
3.758000000000000114e+02,1.030834859222403921e+00,1.000000000000000000e+00,3.000000000000000000e+00,1.000000000000000056e-01
3.760000000000000000e+02,9.971828309709492855e-01,1.000000000000000000e+00,3.000000000000000000e+00,1.000000000000000056e-01
3.762000000000000455e+02,1.018270443884268461e+00,1.000000000000000000e+00,3.000000000000000000e+00,1.000000000000000056e-01
3.764000000000000341e+02,1.005846568493918847e+00,1.000000000000000000e+00,3.000000000000000000e+00,1.000000000000000056e-01
3.766000000000000227e+02,1.105489878296832318e+00,1.000000000000000000e+00,3.000000000000000000e+00,1.000000000000000056e-01
3.768000000000000114e+02,1.046266717210040609e+00,1.000000000000000000e+00,3.000000000000000000e+00,1.000000000000000056e-01
3.770000000000000000e+02,1.066130001549411954e+00,1.000000000000000000e+00,3.000000000000000000e+00,1.000000000000000056e-01
3.772000000000000455e+02,9.309080563700699029e-01,1.000000000000000000e+00,3.000000000000000000e+00,1.000000000000000056e-01
3.774000000000000341e+02,9.398127444486638060e-01,1.000000000000000000e+00,3.000000000000000000e+00,1.000000000000000056e-01
3.776000000000000227e+02,9.965407379286018719e-01,1.000000000000000000e+00,3.000000000000000000e+00,1.000000000000000056e-01
3.778000000000000114e+02,9.205698622810690734e-01,1.000000000000000000e+00,3.000000000000000000e+00,1.000000000000000056e-01
3.780000000000000000e+02,9.803345222718938823e-01,1.000000000000000000e+00,3.000000000000000000e+00,1.000000000000000056e-01
3.782000000000000455e+02,9.852854491477881504e-01,1.000000000000000000e+00,3.000000000000000000e+00,1.000000000000000056e-01
3.784000000000000341e+02,9.443105103657730703e-01,1.000000000000000000e+00,3.000000000000000000e+00,1.000000000000000056e-01
3.786000000000000227e+02,1.004043077930931949e+00,1.000000000000000000e+00,3.000000000000000000e+00,1.000000000000000056e-01
3.788000000000000114e+02,9.671307069703342085e-01,1.000000000000000000e+00,3.000000000000000000e+00,1.000000000000000056e-01
3.790000000000000000e+02,9.824715046941432384e-01,1.000000000000000000e+00,3.000000000000000000e+00,1.000000000000000056e-01
3.792000000000000455e+02,1.047511244319493828e+00,1.000000000000000000e+00,3.000000000000000000e+00,1.000000000000000056e-01
3.794000000000000341e+02,1.016441166607761515e+00,1.000000000000000000e+00,3.000000000000000000e+00,1.000000000000000056e-01
3.796000000000000227e+02,1.031716088574289536e+00,1.000000000000000000e+00,3.000000000000000000e+00,1.000000000000000056e-01
3.798000000000000114e+02,1.031660891328575858e+00,1.000000000000000000e+00,3.000000000000000000e+00,1.000000000000000056e-01
3.800000000000000000e+02,1.026202558191817493e+00,1.000000000000000000e+00,3.000000000000000000e+00,1.000000000000000056e-01
3.802000000000000455e+02,9.679935727825683678e-01,1.000000000000000000e+00,3.000000000000000000e+00,1.000000000000000056e-01
3.804000000000000341e+02,9.542828428364152904e-01,1.000000000000000000e+00,3.000000000000000000e+00,1.000000000000000056e-01
3.806000000000000227e+02,9.350767780618902680e-01,1.000000000000000000e+00,3.000000000000000000e+00,1.000000000000000056e-01
3.808000000000000114e+02,9.487892510536325430e-01,1.000000000000000000e+00,3.000000000000000000e+00,1.000000000000000056e-01
3.810000000000000000e+02,8.815963222364711083e-01,1.000000000000000000e+00,3.000000000000000000e+00,1.000000000000000056e-01
3.812000000000000455e+02,1.010700230332548522e+00,1.000000000000000000e+00,3.000000000000000000e+00,1.000000000000000056e-01
3.814000000000000341e+02,1.029145872352023705e+00,1.000000000000000000e+00,3.000000000000000000e+00,1.000000000000000056e-01
3.816000000000000227e+02,9.424060436232517546e-01,1.000000000000000000e+00,3.000000000000000000e+00,1.000000000000000056e-01
3.818000000000000114e+02,9.923041446311281488e-01,1.000000000000000000e+00,3.000000000000000000e+00,1.000000000000000056e-01
3.820000000000000000e+02,9.707638813060323058e-01,1.000000000000000000e+00,3.000000000000000000e+00,1.000000000000000056e-01
3.822000000000000455e+02,1.023072175361644298e+00,1.000000000000000000e+00,3.000000000000000000e+00,1.000000000000000056e-01
3.824000000000000341e+02,9.600038486563722273e-01,1.000000000000000000e+00,3.000000000000000000e+00,1.000000000000000056e-01
3.826000000000000227e+02,9.625127865268505722e-01,1.000000000000000000e+00,3.000000000000000000e+00,1.000000000000000056e-01
3.828000000000000114e+02,1.011407542041019569e+00,1.000000000000000000e+00,3.000000000000000000e+00,1.000000000000000056e-01
3.830000000000000000e+02,1.026816172237154712e+00,1.000000000000000000e+00,3.000000000000000000e+00,1.000000000000000056e-01
3.832000000000000455e+02,1.025363949539940922e+00,1.000000000000000000e+00,3.000000000000000000e+00,1.000000000000000056e-01
3.834000000000000341e+02,9.938657303987692426e-01,1.000000000000000000e+00,3.000000000000000000e+00,1.000000000000000056e-01
3.836000000000000227e+02,1.008284828741672357e+00,1.000000000000000000e+00,3.000000000000000000e+00,1.000000000000000056e-01
3.838000000000000114e+02,1.085044543201302281e+00,1.000000000000000000e+00,3.000000000000000000e+00,1.000000000000000056e-01
3.840000000000000000e+02,1.036364620818461368e+00,1.000000000000000000e+00,3.000000000000000000e+00,1.000000000000000056e-01
3.842000000000000455e+02,1.009013754008226238e+00,1.000000000000000000e+00,3.000000000000000000e+00,1.000000000000000056e-01
3.844000000000000341e+02,1.000715865496374368e+00,1.000000000000000000e+00,3.000000000000000000e+00,1.000000000000000056e-01
3.846000000000000227e+02,9.638375979597273435e-01,1.000000000000000000e+00,3.000000000000000000e+00,1.000000000000000056e-01
3.848000000000000114e+02,8.801605405288980277e-01,1.000000000000000000e+00,3.000000000000000000e+00,2.999999999999999889e-01
3.850000000000000000e+02,1.156366193195633496e+00,1.000000000000000000e+00,3.000000000000000000e+00,2.999999999999999889e-01
3.852000000000000455e+02,1.249885816427026342e+00,1.000000000000000000e+00,3.000000000000000000e+00,2.999999999999999889e-01
3.854000000000000341e+02,8.504468989168924020e-01,1.000000000000000000e+00,3.000000000000000000e+00,2.999999999999999889e-01
3.856000000000000227e+02,1.045309692060705231e+00,1.000000000000000000e+00,3.000000000000000000e+00,2.999999999999999889e-01
3.858000000000000114e+02,1.039529758277185856e+00,1.000000000000000000e+00,3.000000000000000000e+00,2.999999999999999889e-01
3.860000000000000000e+02,1.064555392930888411e+00,1.000000000000000000e+00,3.000000000000000000e+00,2.999999999999999889e-01
3.862000000000000455e+02,9.898814063103962280e-01,1.000000000000000000e+00,3.000000000000000000e+00,2.999999999999999889e-01
3.864000000000000341e+02,1.200301017198853959e+00,1.000000000000000000e+00,3.000000000000000000e+00,2.999999999999999889e-01
3.866000000000000227e+02,1.081931457970521926e+00,1.000000000000000000e+00,3.000000000000000000e+00,2.999999999999999889e-01
3.868000000000000114e+02,9.148931422394750435e-01,1.000000000000000000e+00,3.000000000000000000e+00,2.999999999999999889e-01
3.870000000000000000e+02,1.084300297539074309e+00,1.000000000000000000e+00,3.000000000000000000e+00,2.999999999999999889e-01
3.872000000000000455e+02,1.006769010853548307e+00,9.000000000000000222e-01,3.000000000000000000e+00,2.999999999999999889e-01
3.874000000000000341e+02,8.217270681821964295e-01,9.000000000000000222e-01,3.000000000000000000e+00,2.999999999999999889e-01
3.876000000000000227e+02,8.244351035551814588e-01,9.000000000000000222e-01,3.000000000000000000e+00,2.999999999999999889e-01
3.878000000000000114e+02,8.127817393811034297e-01,9.000000000000000222e-01,3.000000000000000000e+00,2.999999999999999889e-01
3.880000000000000000e+02,6.764504813184859522e-01,9.000000000000000222e-01,3.000000000000000000e+00,2.999999999999999889e-01
3.882000000000000455e+02,7.442564508429504455e-01,9.000000000000000222e-01,3.000000000000000000e+00,2.999999999999999889e-01
3.884000000000000341e+02,8.912683824908076424e-01,9.000000000000000222e-01,3.000000000000000000e+00,1.000000000000000056e-01
3.886000000000000227e+02,8.847658371313137371e-01,9.000000000000000222e-01,3.000000000000000000e+00,1.000000000000000056e-01
3.888000000000000114e+02,8.102576836943192751e-01,9.000000000000000222e-01,3.000000000000000000e+00,1.000000000000000056e-01
3.890000000000000000e+02,8.664295497009028013e-01,9.000000000000000222e-01,3.000000000000000000e+00,1.000000000000000056e-01
3.892000000000000455e+02,7.959459658275471750e-01,9.000000000000000222e-01,3.000000000000000000e+00,1.000000000000000056e-01
3.894000000000000341e+02,1.007416788593901602e+00,9.000000000000000222e-01,7.000000000000000000e+00,1.000000000000000056e-01
3.896000000000000227e+02,8.654257344035063415e-01,9.000000000000000222e-01,7.000000000000000000e+00,1.000000000000000056e-01
3.898000000000000114e+02,8.763444146258949630e-01,9.000000000000000222e-01,7.000000000000000000e+00,1.000000000000000056e-01
3.900000000000000000e+02,9.857576964635668126e-01,1.100000000000000089e+00,3.000000000000000000e+00,1.000000000000000056e-01
3.902000000000000455e+02,1.025213141220835178e+00,1.100000000000000089e+00,3.000000000000000000e+00,1.000000000000000056e-01
3.904000000000000341e+02,1.093825854534346220e+00,1.100000000000000089e+00,3.000000000000000000e+00,1.000000000000000056e-01
3.906000000000000227e+02,1.116084019728883270e+00,1.100000000000000089e+00,3.000000000000000000e+00,1.000000000000000056e-01
3.908000000000000114e+02,1.072267298792464407e+00,1.100000000000000089e+00,3.000000000000000000e+00,1.000000000000000056e-01
3.910000000000000000e+02,1.115465040395439367e+00,1.100000000000000089e+00,3.000000000000000000e+00,1.000000000000000056e-01
3.912000000000000455e+02,1.057071537517896509e+00,1.100000000000000089e+00,3.000000000000000000e+00,1.000000000000000056e-01
3.914000000000000341e+02,1.095589976516328834e+00,1.100000000000000089e+00,3.000000000000000000e+00,1.000000000000000056e-01
3.916000000000000227e+02,1.078835636101633799e+00,1.100000000000000089e+00,3.000000000000000000e+00,1.000000000000000056e-01
3.918000000000000114e+02,1.080773663523018735e+00,1.100000000000000089e+00,3.000000000000000000e+00,1.000000000000000056e-01
3.920000000000000000e+02,1.071856173498891174e+00,1.100000000000000089e+00,3.000000000000000000e+00,1.000000000000000056e-01
3.922000000000000455e+02,1.071984411283074534e+00,1.100000000000000089e+00,3.000000000000000000e+00,1.000000000000000056e-01
3.924000000000000341e+02,1.070527195376770102e+00,1.100000000000000089e+00,3.000000000000000000e+00,1.000000000000000056e-01
3.926000000000000227e+02,1.102311764491861412e+00,1.100000000000000089e+00,3.000000000000000000e+00,1.000000000000000056e-01
3.928000000000000114e+02,1.067669980878655389e+00,1.100000000000000089e+00,3.000000000000000000e+00,1.000000000000000056e-01
3.930000000000000000e+02,1.110276392565288317e+00,1.100000000000000089e+00,3.000000000000000000e+00,1.000000000000000056e-01
3.932000000000000455e+02,1.135953022422332426e+00,1.100000000000000089e+00,3.000000000000000000e+00,1.000000000000000056e-01
3.934000000000000341e+02,1.115728664446309137e+00,1.100000000000000089e+00,3.000000000000000000e+00,1.000000000000000056e-01
3.936000000000000227e+02,1.126845810030338235e+00,1.100000000000000089e+00,3.000000000000000000e+00,1.000000000000000056e-01
3.938000000000000114e+02,1.034398547248521316e+00,1.100000000000000089e+00,3.000000000000000000e+00,1.000000000000000056e-01
3.940000000000000000e+02,1.087799802047414444e+00,1.100000000000000089e+00,3.000000000000000000e+00,1.000000000000000056e-01
3.942000000000000455e+02,1.061601529993692949e+00,1.100000000000000089e+00,3.000000000000000000e+00,1.000000000000000056e-01
3.944000000000000341e+02,1.091145524684244306e+00,1.100000000000000089e+00,3.000000000000000000e+00,1.000000000000000056e-01
3.946000000000000227e+02,1.137168326988230227e+00,1.100000000000000089e+00,3.000000000000000000e+00,1.000000000000000056e-01
3.948000000000000114e+02,1.067533296202589632e+00,1.100000000000000089e+00,3.000000000000000000e+00,1.000000000000000056e-01
3.950000000000000000e+02,1.164982896705247573e+00,1.100000000000000089e+00,3.000000000000000000e+00,2.999999999999999889e-01
3.952000000000000455e+02,1.067756730686964195e+00,1.100000000000000089e+00,3.000000000000000000e+00,2.999999999999999889e-01
3.954000000000000341e+02,8.698984442129833461e-01,1.000000000000000000e+00,3.000000000000000000e+00,2.999999999999999889e-01
3.956000000000000227e+02,7.725236494733457304e-01,1.000000000000000000e+00,3.000000000000000000e+00,2.999999999999999889e-01
3.958000000000000114e+02,1.129097107620877338e+00,1.000000000000000000e+00,3.000000000000000000e+00,2.999999999999999889e-01
3.960000000000000000e+02,9.410047823766671815e-01,1.000000000000000000e+00,3.000000000000000000e+00,2.999999999999999889e-01
3.962000000000000455e+02,9.172661045292158644e-01,1.000000000000000000e+00,3.000000000000000000e+00,2.999999999999999889e-01
3.964000000000000341e+02,1.087380492057742121e+00,1.000000000000000000e+00,3.000000000000000000e+00,2.999999999999999889e-01
3.966000000000000227e+02,8.920557608151395979e-01,1.000000000000000000e+00,3.000000000000000000e+00,2.999999999999999889e-01
3.968000000000000114e+02,8.100844487745207934e-01,1.000000000000000000e+00,3.000000000000000000e+00,2.999999999999999889e-01
3.970000000000000000e+02,1.004181954342405314e+00,1.000000000000000000e+00,3.000000000000000000e+00,1.000000000000000056e-01
3.972000000000000455e+02,9.887845872592300189e-01,1.000000000000000000e+00,3.000000000000000000e+00,1.000000000000000056e-01
3.974000000000000341e+02,1.036046173780709623e+00,1.000000000000000000e+00,3.000000000000000000e+00,1.000000000000000056e-01
3.976000000000000227e+02,1.039666585205116345e+00,1.000000000000000000e+00,3.000000000000000000e+00,1.000000000000000056e-01
3.978000000000000114e+02,9.813184870841934471e-01,1.000000000000000000e+00,3.000000000000000000e+00,1.000000000000000056e-01
3.980000000000000000e+02,9.544379198411934162e-01,1.000000000000000000e+00,3.000000000000000000e+00,1.000000000000000056e-01
3.982000000000000455e+02,9.096676046050681252e-01,1.000000000000000000e+00,3.000000000000000000e+00,1.000000000000000056e-01
3.984000000000000341e+02,9.872130539119439163e-01,1.000000000000000000e+00,3.000000000000000000e+00,1.000000000000000056e-01
3.986000000000000227e+02,1.061957134741444930e+00,1.000000000000000000e+00,3.000000000000000000e+00,1.000000000000000056e-01
3.988000000000000114e+02,1.034565587333293291e+00,1.000000000000000000e+00,3.000000000000000000e+00,1.000000000000000056e-01
3.990000000000000000e+02,9.740340431437026769e-01,1.000000000000000000e+00,3.000000000000000000e+00,1.000000000000000056e-01
3.992000000000000455e+02,9.467458547155784832e-01,1.000000000000000000e+00,3.000000000000000000e+00,1.000000000000000056e-01
3.994000000000000341e+02,1.031058481476905708e+00,1.000000000000000000e+00,3.000000000000000000e+00,1.000000000000000056e-01
3.996000000000000227e+02,9.775861710662583359e-01,1.000000000000000000e+00,3.000000000000000000e+00,1.000000000000000056e-01
3.998000000000000114e+02,1.026366026712054680e+00,1.000000000000000000e+00,3.000000000000000000e+00,1.000000000000000056e-01
