t,S,theta,kappa,sigma,I
0.000000000000000000e+00,1.005783246168903133e+00,9.000000000000000222e-01,5.000000000000000000e+00,2.000000000000000111e-01,-6.117606468913596274e+00
2.000000000000000111e-01,8.263278339770172565e-01,9.000000000000000222e-01,5.000000000000000000e+00,2.000000000000000111e-01,-3.469592773344283287e+00
4.000000000000000222e-01,9.321278939068200486e-01,9.000000000000000222e-01,5.000000000000000000e+00,2.000000000000000111e-01,-8.584393539475998480e+00
6.000000000000000888e-01,9.421757202106689766e-01,9.000000000000000222e-01,5.000000000000000000e+00,2.000000000000000111e-01,4.162428324835829585e-01
8.000000000000000444e-01,8.938001909279930102e-01,9.000000000000000222e-01,5.000000000000000000e+00,2.000000000000000111e-01,3.149862258100078805e+00
1.000000000000000000e+00,8.813934706122686924e-01,9.000000000000000222e-01,5.000000000000000000e+00,2.000000000000000111e-01,6.486983630064926842e+00
1.200000000000000178e+00,9.662814846318202866e-01,9.000000000000000222e-01,5.000000000000000000e+00,2.000000000000000111e-01,-1.667447959636289667e+00
1.400000000000000133e+00,7.842157788515873307e-01,9.000000000000000222e-01,5.000000000000000000e+00,2.000000000000000111e-01,-2.475291001624597698e-01
1.600000000000000089e+00,8.865313021322516196e-01,9.000000000000000222e-01,5.000000000000000000e+00,2.000000000000000111e-01,-7.756057313794588737e-01
1.800000000000000044e+00,9.217192059568448670e-01,9.000000000000000222e-01,5.000000000000000000e+00,2.000000000000000111e-01,4.598790373738168569e-01
2.000000000000000000e+00,9.398895941785265773e-01,9.000000000000000222e-01,5.000000000000000000e+00,2.000000000000000111e-01,8.950298395611458346e+00
2.200000000000000178e+00,9.798644127800835157e-01,9.000000000000000222e-01,5.000000000000000000e+00,2.000000000000000111e-01,-1.430286557447004725e+00
2.400000000000000355e+00,1.021539962605392482e+00,9.000000000000000222e-01,5.000000000000000000e+00,2.000000000000000111e-01,-7.523399417086487517e+00
2.600000000000000089e+00,7.807363127130475533e-01,9.000000000000000222e-01,5.000000000000000000e+00,2.000000000000000111e-01,7.166161434840237376e+00
2.800000000000000266e+00,8.904131218962673122e-01,9.000000000000000222e-01,5.000000000000000000e+00,2.000000000000000111e-01,9.891402531243883800e+00
3.000000000000000000e+00,8.772956723916568444e-01,9.000000000000000222e-01,5.000000000000000000e+00,2.000000000000000111e-01,7.535094883813233224e+00
3.200000000000000178e+00,1.116459725311157003e+00,1.100000000000000089e+00,5.000000000000000000e+00,2.000000000000000111e-01,-2.560609323760704825e+00
3.400000000000000355e+00,9.665211699145932478e-01,1.100000000000000089e+00,5.000000000000000000e+00,2.000000000000000111e-01,5.331158852365437184e+00
3.600000000000000089e+00,1.065575130230000056e+00,1.100000000000000089e+00,5.000000000000000000e+00,2.000000000000000111e-01,-4.680246785813242383e-01
3.800000000000000266e+00,1.093018936497141880e+00,1.100000000000000089e+00,5.000000000000000000e+00,2.000000000000000111e-01,-2.735160494481352345e-01
4.000000000000000000e+00,1.066655556285968753e+00,1.100000000000000089e+00,5.000000000000000000e+00,2.000000000000000111e-01,-5.335092916540153496e+00
4.200000000000000178e+00,1.117052247830064404e+00,1.100000000000000089e+00,5.000000000000000000e+00,2.000000000000000111e-01,-7.944027739597419036e+00
4.400000000000000355e+00,8.323883920463734931e-01,1.100000000000000089e+00,5.000000000000000000e+00,2.000000000000000111e-01,6.830317296182315090e+00
4.600000000000000533e+00,1.117428593617877164e+00,1.100000000000000089e+00,5.000000000000000000e+00,2.000000000000000111e-01,-9.753695083224078743e+00
4.800000000000000711e+00,1.105484789430515091e+00,1.100000000000000089e+00,5.000000000000000000e+00,2.000000000000000111e-01,9.510578739058175302e-01
5.000000000000000000e+00,1.003081549008308260e+00,1.100000000000000089e+00,5.000000000000000000e+00,2.000000000000000111e-01,5.376083414687576223e+00
5.200000000000000178e+00,9.403404994257447136e-01,1.100000000000000089e+00,5.000000000000000000e+00,2.000000000000000111e-01,9.769489819810878828e+00
5.400000000000000355e+00,1.150901214478420531e+00,1.100000000000000089e+00,5.000000000000000000e+00,2.000000000000000111e-01,1.090373232325047681e+00
5.600000000000000533e+00,1.035750453946788108e+00,1.100000000000000089e+00,5.000000000000000000e+00,2.000000000000000111e-01,-2.072290493577099824e+00
5.800000000000000711e+00,1.057103577938805827e+00,1.100000000000000089e+00,5.000000000000000000e+00,2.000000000000000111e-01,7.295098645054480357e+00
6.000000000000000000e+00,1.266441967559562842e+00,1.100000000000000089e+00,5.000000000000000000e+00,2.000000000000000111e-01,-3.804590249580552808e-01
6.200000000000000178e+00,1.308309361748531741e+00,1.100000000000000089e+00,5.000000000000000000e+00,2.000000000000000111e-01,-5.438541342497686948e+00
6.400000000000000355e+00,1.159928837376866806e+00,1.100000000000000089e+00,5.000000000000000000e+00,2.000000000000000111e-01,5.065809496099296538e+00
6.600000000000000533e+00,1.102449349940425094e+00,1.100000000000000089e+00,5.000000000000000000e+00,2.000000000000000111e-01,6.007546532169023124e+00
6.800000000000000711e+00,1.095157521770446341e+00,1.100000000000000089e+00,5.000000000000000000e+00,2.000000000000000111e-01,-2.533201488301958904e+00
7.000000000000000000e+00,1.205693503262073918e+00,1.100000000000000089e+00,5.000000000000000000e+00,2.000000000000000111e-01,9.799887094018913558e+00
7.200000000000000178e+00,1.064130673939009508e+00,1.100000000000000089e+00,5.000000000000000000e+00,2.000000000000000111e-01,5.048477305243107338e+00
7.400000000000000355e+00,1.158987459476052084e+00,1.100000000000000089e+00,5.000000000000000000e+00,2.000000000000000111e-01,-7.881231440060108007e+00
7.600000000000000533e+00,1.144924933499682052e+00,1.100000000000000089e+00,5.000000000000000000e+00,2.000000000000000111e-01,-6.723586640718492546e+00
7.800000000000000711e+00,1.154263724356481946e+00,1.100000000000000089e+00,5.000000000000000000e+00,2.000000000000000111e-01,2.955122993602184778e+00
8.000000000000000000e+00,8.940420548369734099e-01,1.100000000000000089e+00,5.000000000000000000e+00,2.000000000000000111e-01,-7.023814503601615300e+00
8.200000000000001066e+00,9.896447892190646245e-01,1.100000000000000089e+00,5.000000000000000000e+00,2.000000000000000111e-01,7.119677018244203737e+00
8.400000000000000355e+00,1.038455737635160414e+00,1.100000000000000089e+00,5.000000000000000000e+00,2.000000000000000111e-01,7.568692593442840177e+00
8.599999999999999645e+00,1.159616979216471666e+00,1.100000000000000089e+00,5.000000000000000000e+00,2.000000000000000111e-01,-2.515614120396135078e+00
8.800000000000000711e+00,9.524534826001529453e-01,1.100000000000000089e+00,5.000000000000000000e+00,2.000000000000000111e-01,-2.686354625083589021e+00
9.000000000000000000e+00,1.237236586372917113e+00,1.100000000000000089e+00,5.000000000000000000e+00,2.000000000000000111e-01,-3.861912674620581853e+00
9.200000000000001066e+00,1.172059106134990314e+00,1.100000000000000089e+00,5.000000000000000000e+00,2.000000000000000111e-01,-8.062035140693291524e+00
9.400000000000000355e+00,1.063599183148382199e+00,1.100000000000000089e+00,5.000000000000000000e+00,2.000000000000000111e-01,9.445684544681128614e+00
9.600000000000001421e+00,9.441148796535095977e-01,1.100000000000000089e+00,5.000000000000000000e+00,2.000000000000000111e-01,-7.856231682875685074e+00
9.800000000000000711e+00,1.071898839610598841e+00,1.100000000000000089e+00,5.000000000000000000e+00,2.000000000000000111e-01,-7.315136787378828664e+00
1.000000000000000000e+01,1.156936345728345250e+00,1.100000000000000089e+00,5.000000000000000000e+00,2.000000000000000111e-01,3.600530457764097747e+00
1.020000000000000107e+01,1.106001976439378254e+00,1.100000000000000089e+00,5.000000000000000000e+00,2.000000000000000111e-01,6.698148708331892465e+00
1.040000000000000036e+01,1.083694310461559729e+00,1.100000000000000089e+00,5.000000000000000000e+00,2.000000000000000111e-01,-4.845233947111633910e+00
1.060000000000000142e+01,1.126145427652880615e+00,1.100000000000000089e+00,5.000000000000000000e+00,2.000000000000000111e-01,-2.392723084225202967e+00
1.080000000000000071e+01,1.116296205643945827e+00,1.100000000000000089e+00,5.000000000000000000e+00,2.000000000000000111e-01,4.836471029368409447e+00
1.100000000000000000e+01,1.204736796957914136e+00,1.100000000000000089e+00,5.000000000000000000e+00,2.000000000000000111e-01,-8.214078862497268929e+00
1.120000000000000107e+01,1.154400292847428178e+00,1.100000000000000089e+00,5.000000000000000000e+00,2.000000000000000111e-01,-3.822002398654351651e+00
1.140000000000000036e+01,1.103082772978778436e+00,1.100000000000000089e+00,5.000000000000000000e+00,2.000000000000000111e-01,2.548667563279863657e+00
1.160000000000000142e+01,1.173322596528167061e+00,1.100000000000000089e+00,5.000000000000000000e+00,2.000000000000000111e-01,-5.154854815086238773e+00
1.180000000000000071e+01,1.043828323258684909e+00,1.100000000000000089e+00,5.000000000000000000e+00,2.000000000000000111e-01,-7.319318158638830063e+00
1.200000000000000000e+01,1.050187342937096036e+00,1.100000000000000089e+00,5.000000000000000000e+00,2.000000000000000111e-01,-6.931778187816046710e-01
1.220000000000000107e+01,9.796933246789065741e-01,1.100000000000000089e+00,5.000000000000000000e+00,2.000000000000000111e-01,-5.319676622141304989e+00
1.240000000000000036e+01,1.218245601085500507e+00,1.100000000000000089e+00,5.000000000000000000e+00,2.000000000000000111e-01,-9.421756609508168623e+00
1.260000000000000142e+01,1.056832678925627711e+00,1.100000000000000089e+00,5.000000000000000000e+00,2.000000000000000111e-01,1.113290836516194204e+00
1.280000000000000071e+01,1.320562257746899615e+00,1.100000000000000089e+00,5.000000000000000000e+00,2.000000000000000111e-01,-3.033747387149432484e+00
1.300000000000000000e+01,1.079845694734863137e+00,1.100000000000000089e+00,5.000000000000000000e+00,2.000000000000000111e-01,1.249127254136340071e+00
1.320000000000000107e+01,1.239730792273649129e+00,1.100000000000000089e+00,5.000000000000000000e+00,2.000000000000000111e-01,-1.926432024549772137e+00
1.340000000000000036e+01,1.126047007941821443e+00,1.100000000000000089e+00,5.000000000000000000e+00,2.000000000000000111e-01,-7.152693377541092801e+00
1.360000000000000142e+01,9.923582880420143137e-01,1.100000000000000089e+00,5.000000000000000000e+00,2.000000000000000111e-01,-1.824065793840265570e+00
1.380000000000000071e+01,1.047026433733425188e+00,1.100000000000000089e+00,5.000000000000000000e+00,2.000000000000000111e-01,-8.073099513386360115e+00
1.400000000000000000e+01,1.109585042655578446e+00,1.100000000000000089e+00,5.000000000000000000e+00,2.000000000000000111e-01,-6.434267923927141197e+00
1.420000000000000107e+01,1.103785526195296907e+00,1.100000000000000089e+00,5.000000000000000000e+00,2.000000000000000111e-01,-1.856930222174565159e+00
1.440000000000000036e+01,9.643843702613165147e-01,1.100000000000000089e+00,5.000000000000000000e+00,2.000000000000000111e-01,4.726749377364010130e+00
1.460000000000000142e+01,1.018200179500175162e+00,1.100000000000000089e+00,5.000000000000000000e+00,2.000000000000000111e-01,-6.174987346245921493e+00
1.480000000000000071e+01,1.100057150704606634e+00,1.100000000000000089e+00,5.000000000000000000e+00,2.000000000000000111e-01,4.010459992905355264e+00
1.500000000000000000e+01,1.023770276882440156e+00,1.100000000000000089e+00,5.000000000000000000e+00,2.000000000000000111e-01,-3.577483877456537620e+00
1.520000000000000107e+01,1.156557132825810852e+00,1.100000000000000089e+00,5.000000000000000000e+00,2.000000000000000111e-01,9.198144268402408841e+00
1.540000000000000036e+01,9.800928628227740802e-01,1.100000000000000089e+00,5.000000000000000000e+00,2.000000000000000111e-01,6.289634632984480334e+00
1.560000000000000142e+01,9.861328942698898148e-01,1.100000000000000089e+00,5.000000000000000000e+00,2.000000000000000111e-01,7.824186214045848686e+00
1.580000000000000071e+01,9.580711276167664936e-01,1.100000000000000089e+00,5.000000000000000000e+00,2.000000000000000111e-01,-6.952557731070212910e+00
1.600000000000000000e+01,1.121240088263570911e+00,1.100000000000000089e+00,5.000000000000000000e+00,2.000000000000000111e-01,5.055671018683634443e+00
1.619999999999999929e+01,1.182846274740509740e+00,1.100000000000000089e+00,5.000000000000000000e+00,2.000000000000000111e-01,9.404419633647226107e+00
1.640000000000000213e+01,1.276560383737605830e+00,1.100000000000000089e+00,5.000000000000000000e+00,2.000000000000000111e-01,-7.811384265542622884e+00
1.660000000000000142e+01,1.043080764579223274e+00,1.100000000000000089e+00,5.000000000000000000e+00,2.000000000000000111e-01,-3.972681882394502040e+00
1.680000000000000071e+01,1.145809609300846299e+00,1.100000000000000089e+00,5.000000000000000000e+00,2.000000000000000111e-01,9.108451455465726099e+00
1.700000000000000000e+01,1.045718048574261871e+00,1.100000000000000089e+00,5.000000000000000000e+00,2.000000000000000111e-01,8.501481276140143706e-01
1.719999999999999929e+01,1.211339450509239635e+00,1.100000000000000089e+00,5.000000000000000000e+00,2.000000000000000111e-01,1.725658895472463428e+00
1.740000000000000213e+01,1.077056305663214975e+00,1.100000000000000089e+00,5.000000000000000000e+00,2.000000000000000111e-01,-4.749817188033484960e+00
1.760000000000000142e+01,1.049288690725120210e+00,1.100000000000000089e+00,5.000000000000000000e+00,2.000000000000000111e-01,-9.213769275701116257e+00
1.780000000000000071e+01,1.197663361300082885e+00,1.100000000000000089e+00,5.000000000000000000e+00,2.000000000000000111e-01,3.584953850909524675e+00
1.800000000000000000e+01,1.172627289639150749e+00,1.100000000000000089e+00,5.000000000000000000e+00,2.000000000000000111e-01,-2.206717121392081538e+00
1.819999999999999929e+01,1.036330636581725972e+00,1.100000000000000089e+00,5.000000000000000000e+00,2.000000000000000111e-01,4.302163091744962031e+00
1.840000000000000213e+01,1.259724388122759553e+00,1.100000000000000089e+00,5.000000000000000000e+00,2.000000000000000111e-01,-1.741577188368024665e+00
1.860000000000000142e+01,1.130583825080625715e+00,1.100000000000000089e+00,5.000000000000000000e+00,2.000000000000000111e-01,4.387534698556091683e+00
1.880000000000000071e+01,1.032442599175004361e+00,1.100000000000000089e+00,5.000000000000000000e+00,2.000000000000000111e-01,-9.643514570863480628e-01
1.900000000000000000e+01,1.037550728205696604e+00,1.100000000000000089e+00,5.000000000000000000e+00,2.000000000000000111e-01,4.471362752575213761e+00
1.920000000000000284e+01,1.077915515491800535e+00,1.100000000000000089e+00,5.000000000000000000e+00,2.000000000000000111e-01,-7.566944175754279911e-01
1.940000000000000213e+01,1.119118926352030252e+00,1.100000000000000089e+00,5.000000000000000000e+00,2.000000000000000111e-01,-4.443728665656418997e+00
1.960000000000000142e+01,1.213406325465031133e+00,1.100000000000000089e+00,5.000000000000000000e+00,2.000000000000000111e-01,5.937334952843125180e+00
1.980000000000000071e+01,1.036960203444968087e+00,1.100000000000000089e+00,5.000000000000000000e+00,2.000000000000000111e-01,-7.189724399588754977e-01
2.000000000000000000e+01,9.152077192962666530e-01,1.100000000000000089e+00,5.000000000000000000e+00,2.000000000000000111e-01,-4.754621816591228622e+00
2.020000000000000284e+01,1.120183331216608735e+00,1.100000000000000089e+00,5.000000000000000000e+00,2.000000000000000111e-01,-1.766341826780468693e-01
2.040000000000000213e+01,1.014320332616768905e+00,1.100000000000000089e+00,5.000000000000000000e+00,2.000000000000000111e-01,6.124707915995237784e+00
2.060000000000000142e+01,1.225520477427928467e+00,1.100000000000000089e+00,5.000000000000000000e+00,2.000000000000000111e-01,-9.493299668374174161e+00
2.080000000000000071e+01,1.119443118694322337e+00,1.100000000000000089e+00,5.000000000000000000e+00,2.000000000000000111e-01,-3.675011074129052702e+00
2.100000000000000000e+01,1.200547468095133352e+00,1.100000000000000089e+00,5.000000000000000000e+00,2.000000000000000111e-01,-6.913323908745729440e+00
2.120000000000000284e+01,1.074739696349007456e+00,1.100000000000000089e+00,5.000000000000000000e+00,2.000000000000000111e-01,6.323865651648819863e+00
2.140000000000000213e+01,1.238193592422163869e+00,1.100000000000000089e+00,5.000000000000000000e+00,2.000000000000000111e-01,-1.772509041600223156e+00
2.160000000000000142e+01,1.101672798022784061e+00,1.100000000000000089e+00,5.000000000000000000e+00,2.000000000000000111e-01,8.603094473851221835e+00
2.180000000000000071e+01,9.816699336582352942e-01,1.100000000000000089e+00,5.000000000000000000e+00,2.000000000000000111e-01,4.840391382543707266e-02
2.200000000000000000e+01,1.170775421435009900e+00,1.100000000000000089e+00,5.000000000000000000e+00,2.000000000000000111e-01,5.636810443642325197e+00
2.220000000000000284e+01,1.145281036411009090e+00,1.100000000000000089e+00,5.000000000000000000e+00,2.000000000000000111e-01,2.415067952947055119e+00
2.240000000000000213e+01,9.974578268179910001e-01,1.100000000000000089e+00,5.000000000000000000e+00,2.000000000000000111e-01,8.706731295837837337e+00
2.260000000000000142e+01,1.040051211370456530e+00,1.100000000000000089e+00,5.000000000000000000e+00,2.000000000000000111e-01,-7.932442990190288867e+00
2.280000000000000071e+01,1.242599172141141128e+00,1.100000000000000089e+00,5.000000000000000000e+00,2.000000000000000111e-01,5.550871125749534229e+00
2.300000000000000000e+01,1.268886015747657137e+00,1.100000000000000089e+00,5.000000000000000000e+00,2.000000000000000111e-01,9.174266329424956012e-01
2.320000000000000284e+01,1.282428572625188945e+00,1.100000000000000089e+00,5.000000000000000000e+00,2.000000000000000111e-01,-1.936070950927321732e+00
2.340000000000000213e+01,1.118610754523911899e+00,1.100000000000000089e+00,5.000000000000000000e+00,2.000000000000000111e-01,1.831294880394514379e+00
2.360000000000000142e+01,1.060671743347743279e+00,1.100000000000000089e+00,5.000000000000000000e+00,2.000000000000000111e-01,-5.627427870698729073e+00
2.380000000000000071e+01,1.097931895480500186e+00,1.100000000000000089e+00,5.000000000000000000e+00,2.000000000000000111e-01,6.231553959217791316e+00
2.400000000000000000e+01,1.239198539387778464e+00,1.100000000000000089e+00,5.000000000000000000e+00,2.000000000000000111e-01,-1.788518193937029821e+00
2.420000000000000284e+01,9.474372136549046308e-01,1.100000000000000089e+00,5.000000000000000000e+00,2.000000000000000111e-01,-9.359135843692449441e+00
2.440000000000000213e+01,1.148206682663107658e+00,1.100000000000000089e+00,5.000000000000000000e+00,2.000000000000000111e-01,-5.793582531636706889e+00
2.460000000000000142e+01,1.060758869543332095e+00,1.100000000000000089e+00,5.000000000000000000e+00,2.000000000000000111e-01,9.974211011804712257e-01
2.480000000000000071e+01,1.061396835203519240e+00,1.100000000000000089e+00,5.000000000000000000e+00,2.000000000000000111e-01,8.957625519825921145e+00
2.500000000000000000e+01,1.227889788337314991e+00,1.100000000000000089e+00,5.000000000000000000e+00,2.000000000000000111e-01,2.783274258838190462e+00
2.520000000000000284e+01,1.048893081760466250e+00,1.100000000000000089e+00,5.000000000000000000e+00,2.000000000000000111e-01,-8.046714482939776758e+00
2.540000000000000213e+01,1.070536748308410724e+00,1.100000000000000089e+00,5.000000000000000000e+00,2.000000000000000111e-01,-1.037004366303989400e+00
2.560000000000000142e+01,1.095232100362034000e+00,1.100000000000000089e+00,5.000000000000000000e+00,2.000000000000000111e-01,2.135086211173039317e+00
2.580000000000000071e+01,1.017835825755283308e+00,1.100000000000000089e+00,5.000000000000000000e+00,2.000000000000000111e-01,1.851752298339059521e+00
2.600000000000000000e+01,1.078344655768804561e+00,1.100000000000000089e+00,5.000000000000000000e+00,2.000000000000000111e-01,7.666051333937499379e+00
2.620000000000000284e+01,1.152059752249199986e+00,1.100000000000000089e+00,5.000000000000000000e+00,2.000000000000000111e-01,-3.944310858134560505e+00
2.640000000000000213e+01,1.043040608857148444e+00,1.100000000000000089e+00,5.000000000000000000e+00,2.000000000000000111e-01,8.907461881427988004e+00
2.660000000000000142e+01,9.914940227964206265e-01,1.100000000000000089e+00,5.000000000000000000e+00,2.000000000000000111e-01,-3.608817989469628174e+00
2.680000000000000071e+01,9.767043109199239348e-01,1.100000000000000089e+00,5.000000000000000000e+00,2.000000000000000111e-01,9.684331354667371272e+00
2.700000000000000000e+01,1.198486688595548300e+00,1.100000000000000089e+00,5.000000000000000000e+00,2.000000000000000111e-01,6.436087580015410481e-01
2.720000000000000284e+01,1.121619857955287181e+00,1.100000000000000089e+00,5.000000000000000000e+00,2.000000000000000111e-01,1.003864056830074958e-01
2.740000000000000213e+01,1.135501205651313628e+00,1.100000000000000089e+00,5.000000000000000000e+00,2.000000000000000111e-01,-1.711252407049585145e+00
2.760000000000000142e+01,1.186490465398962524e+00,1.100000000000000089e+00,5.000000000000000000e+00,2.000000000000000111e-01,6.309177873228698274e+00
2.780000000000000071e+01,9.154149018993733566e-01,1.100000000000000089e+00,5.000000000000000000e+00,2.000000000000000111e-01,-7.478094606527429633e+00
2.800000000000000000e+01,1.094828198228634974e+00,1.100000000000000089e+00,5.000000000000000000e+00,2.000000000000000111e-01,8.170791387516111115e+00
2.820000000000000284e+01,1.124997004634746611e+00,1.100000000000000089e+00,5.000000000000000000e+00,2.000000000000000111e-01,-5.273278880654479472e+00
2.840000000000000213e+01,1.028913143576098754e+00,1.100000000000000089e+00,5.000000000000000000e+00,2.000000000000000111e-01,5.025366283804171275e-01
2.860000000000000142e+01,1.053771572162362613e+00,1.100000000000000089e+00,5.000000000000000000e+00,2.000000000000000111e-01,4.002845617781270349e+00
2.880000000000000071e+01,1.042890296920746307e+00,1.100000000000000089e+00,5.000000000000000000e+00,2.000000000000000111e-01,6.258285892033676134e+00
2.900000000000000000e+01,1.050850334312372070e+00,1.100000000000000089e+00,5.000000000000000000e+00,2.000000000000000111e-01,6.425488070456733425e+00
2.920000000000000284e+01,9.926540868218440838e-01,1.100000000000000089e+00,5.000000000000000000e+00,2.000000000000000111e-01,-3.154597157593091339e+00
2.940000000000000213e+01,9.704715470372198283e-01,9.000000000000000222e-01,5.000000000000000000e+00,2.000000000000000111e-01,1.018263447826100787e+00
2.960000000000000142e+01,8.786439809900817854e-01,9.000000000000000222e-01,5.000000000000000000e+00,2.000000000000000111e-01,-5.501080248253629179e-01
2.980000000000000071e+01,8.893275895037915380e-01,9.000000000000000222e-01,5.000000000000000000e+00,2.000000000000000111e-01,4.145352781061767189e+00
3.000000000000000000e+01,7.777805500695179619e-01,9.000000000000000222e-01,5.000000000000000000e+00,2.000000000000000111e-01,7.442906291389835616e+00
3.020000000000000284e+01,9.627616844002462315e-01,9.000000000000000222e-01,5.000000000000000000e+00,2.000000000000000111e-01,6.620637376545445818e+00
3.040000000000000213e+01,8.748119710350777956e-01,9.000000000000000222e-01,5.000000000000000000e+00,2.000000000000000111e-01,4.054003625478037165e+00
3.060000000000000142e+01,8.786703382318482580e-01,9.000000000000000222e-01,5.000000000000000000e+00,2.000000000000000111e-01,2.401124332035411868e+00
3.080000000000000071e+01,8.477100259375652813e-01,9.000000000000000222e-01,5.000000000000000000e+00,2.000000000000000111e-01,5.007882850289915311e+00
3.100000000000000000e+01,8.776592885970432301e-01,9.000000000000000222e-01,5.000000000000000000e+00,2.000000000000000111e-01,1.465813781927760573e-01
3.120000000000000284e+01,8.370995445877831287e-01,9.000000000000000222e-01,5.000000000000000000e+00,2.000000000000000111e-01,9.230607233605109485e+00
3.140000000000000213e+01,9.610500323851167703e-01,9.000000000000000222e-01,5.000000000000000000e+00,2.000000000000000111e-01,6.131494411414596613e+00
3.160000000000000142e+01,8.519112567736577546e-01,9.000000000000000222e-01,5.000000000000000000e+00,2.000000000000000111e-01,-5.746451959877234117e+00
3.180000000000000071e+01,1.012308723876001348e+00,9.000000000000000222e-01,5.000000000000000000e+00,2.000000000000000111e-01,-6.085037532331596388e+00
3.200000000000000000e+01,9.182180879718040423e-01,9.000000000000000222e-01,5.000000000000000000e+00,2.000000000000000111e-01,5.017435164741321785e-01
3.220000000000000284e+01,1.088721798286941489e+00,9.000000000000000222e-01,5.000000000000000000e+00,2.000000000000000111e-01,1.031891261367540835e+00
3.239999999999999858e+01,9.625580064877571340e-01,9.000000000000000222e-01,5.000000000000000000e+00,2.000000000000000111e-01,-4.387052610185245172e+00
3.260000000000000142e+01,8.330223284993119037e-01,9.000000000000000222e-01,5.000000000000000000e+00,2.000000000000000111e-01,-8.549956378039651028e+00
3.280000000000000426e+01,9.288690388661104969e-01,9.000000000000000222e-01,5.000000000000000000e+00,2.000000000000000111e-01,-4.088299065154224365e+00
3.300000000000000000e+01,8.843301441287023668e-01,9.000000000000000222e-01,5.000000000000000000e+00,2.000000000000000111e-01,-6.920057560666976748e+00
3.320000000000000284e+01,1.095088757075433294e+00,9.000000000000000222e-01,5.000000000000000000e+00,2.000000000000000111e-01,-1.024686177514027463e+00
3.339999999999999858e+01,9.322923702886414254e-01,9.000000000000000222e-01,5.000000000000000000e+00,2.000000000000000111e-01,3.349323272903177440e+00
3.360000000000000142e+01,9.843641958601396791e-01,9.000000000000000222e-01,5.000000000000000000e+00,2.000000000000000111e-01,-6.837258745161425288e+00
3.380000000000000426e+01,8.428634097572982320e-01,9.000000000000000222e-01,5.000000000000000000e+00,2.000000000000000111e-01,7.371098416094923778e+00
3.400000000000000000e+01,9.701828733376623992e-01,9.000000000000000222e-01,5.000000000000000000e+00,2.000000000000000111e-01,-5.024792661649395420e+00
3.420000000000000284e+01,8.648229218413810981e-01,9.000000000000000222e-01,5.000000000000000000e+00,2.000000000000000111e-01,1.005324435463371913e+00
3.439999999999999858e+01,9.178991443216275581e-01,9.000000000000000222e-01,5.000000000000000000e+00,2.000000000000000111e-01,-9.443895398096573857e+00
3.460000000000000142e+01,8.210553540766292180e-01,9.000000000000000222e-01,5.000000000000000000e+00,2.000000000000000111e-01,4.996823860428541764e+00
3.480000000000000426e+01,8.572045035690195602e-01,9.000000000000000222e-01,5.000000000000000000e+00,2.000000000000000111e-01,7.486050815179879692e+00
3.500000000000000000e+01,8.865820962770463165e-01,9.000000000000000222e-01,5.000000000000000000e+00,2.000000000000000111e-01,2.394587222152754435e+00
3.520000000000000284e+01,8.691633301836411141e-01,9.000000000000000222e-01,5.000000000000000000e+00,2.000000000000000111e-01,5.204194386759644075e+00
3.539999999999999858e+01,9.864693217066295983e-01,9.000000000000000222e-01,5.000000000000000000e+00,2.000000000000000111e-01,3.764053089012016073e+00
3.560000000000000142e+01,7.789904719891904694e-01,9.000000000000000222e-01,5.000000000000000000e+00,2.000000000000000111e-01,-1.209576586848445601e+00
3.580000000000000426e+01,9.545322777500452327e-01,9.000000000000000222e-01,5.000000000000000000e+00,2.000000000000000111e-01,-9.465217722192015515e+00
3.600000000000000000e+01,1.063865720658341951e+00,9.000000000000000222e-01,5.000000000000000000e+00,2.000000000000000111e-01,5.549385784703657620e+00
3.620000000000000284e+01,8.316204273840943628e-01,9.000000000000000222e-01,5.000000000000000000e+00,2.000000000000000111e-01,-3.782070703350361995e+00
3.639999999999999858e+01,9.119559396202148172e-01,9.000000000000000222e-01,5.000000000000000000e+00,2.000000000000000111e-01,-4.744375503261704097e-01
3.660000000000000142e+01,8.920903340842448737e-01,9.000000000000000222e-01,5.000000000000000000e+00,2.000000000000000111e-01,-4.456676826515781897e+00
3.680000000000000426e+01,9.532105115097310177e-01,9.000000000000000222e-01,5.000000000000000000e+00,2.000000000000000111e-01,-2.174170863925015240e+00
3.700000000000000000e+01,8.520501024255472400e-01,9.000000000000000222e-01,5.000000000000000000e+00,2.000000000000000111e-01,3.460163418370960642e+00
3.720000000000000284e+01,9.089550764008599293e-01,9.000000000000000222e-01,5.000000000000000000e+00,2.000000000000000111e-01,-5.707243574593086066e-01
3.739999999999999858e+01,8.335212293644270742e-01,9.000000000000000222e-01,5.000000000000000000e+00,2.000000000000000111e-01,5.963108817730491396e+00
3.760000000000000142e+01,1.025948163109495548e+00,9.000000000000000222e-01,5.000000000000000000e+00,2.000000000000000111e-01,-3.968204342601573842e+00
3.780000000000000426e+01,8.357313464753906018e-01,9.000000000000000222e-01,5.000000000000000000e+00,2.000000000000000111e-01,-1.626301178665315206e+00
3.800000000000000000e+01,8.828681530222223239e-01,9.000000000000000222e-01,5.000000000000000000e+00,2.000000000000000111e-01,8.233255285808716906e+00
3.820000000000000284e+01,9.704336494338570152e-01,9.000000000000000222e-01,5.000000000000000000e+00,2.000000000000000111e-01,-1.324697423658031781e+00
3.840000000000000568e+01,8.398216676088812171e-01,9.000000000000000222e-01,5.000000000000000000e+00,2.000000000000000111e-01,-7.578890645974139417e+00
3.860000000000000142e+01,9.179704508418982112e-01,9.000000000000000222e-01,5.000000000000000000e+00,2.000000000000000111e-01,9.230351028734702368e-01
3.880000000000000426e+01,8.185202854607326328e-01,9.000000000000000222e-01,5.000000000000000000e+00,2.000000000000000111e-01,-3.214279155686494249e+00
3.900000000000000000e+01,1.016909589810047976e+00,9.000000000000000222e-01,5.000000000000000000e+00,2.000000000000000111e-01,6.032003386274290335e+00
3.920000000000000284e+01,8.884945117345279808e-01,9.000000000000000222e-01,5.000000000000000000e+00,2.000000000000000111e-01,9.669880247017161423e+00
3.940000000000000568e+01,8.739230540925727597e-01,9.000000000000000222e-01,5.000000000000000000e+00,2.000000000000000111e-01,9.771148540438243657e+00
3.960000000000000142e+01,8.346866783276941648e-01,9.000000000000000222e-01,5.000000000000000000e+00,2.000000000000000111e-01,-5.871327836787108012e+00
3.980000000000000426e+01,8.452947440749081220e-01,9.000000000000000222e-01,5.000000000000000000e+00,2.000000000000000111e-01,8.316103285422261848e+00
4.000000000000000000e+01,8.934875509032615959e-01,9.000000000000000222e-01,5.000000000000000000e+00,2.000000000000000111e-01,-5.047645639938849627e+00
4.020000000000000284e+01,9.877162087191422302e-01,9.000000000000000222e-01,5.000000000000000000e+00,2.000000000000000111e-01,-5.011244225406048969e+00
4.040000000000000568e+01,8.944082955866063944e-01,9.000000000000000222e-01,5.000000000000000000e+00,2.000000000000000111e-01,-8.775949122861003815e+00
4.060000000000000142e+01,7.055509303119240627e-01,9.000000000000000222e-01,5.000000000000000000e+00,2.000000000000000111e-01,-8.398336615365678881e+00
4.080000000000000426e+01,9.858171854601249784e-01,9.000000000000000222e-01,5.000000000000000000e+00,2.000000000000000111e-01,-6.515348436342362604e+00
4.100000000000000000e+01,1.065818180848270957e+00,9.000000000000000222e-01,5.000000000000000000e+00,2.000000000000000111e-01,-6.161436898723331446e+00
4.120000000000000284e+01,9.749124721324626819e-01,9.000000000000000222e-01,5.000000000000000000e+00,2.000000000000000111e-01,3.680320501238405484e-01
4.140000000000000568e+01,7.873243854230259631e-01,9.000000000000000222e-01,5.000000000000000000e+00,2.000000000000000111e-01,-3.438516604023858392e+00
4.160000000000000142e+01,8.779267257795668744e-01,9.000000000000000222e-01,5.000000000000000000e+00,2.000000000000000111e-01,-9.531409789201317651e+00
4.180000000000000426e+01,9.334588959996932278e-01,9.000000000000000222e-01,5.000000000000000000e+00,2.000000000000000111e-01,-9.268820991249363317e+00
4.200000000000000000e+01,7.893600669836857708e-01,9.000000000000000222e-01,5.000000000000000000e+00,2.000000000000000111e-01,3.267177902601405393e+00
4.220000000000000284e+01,9.473822677963745775e-01,9.000000000000000222e-01,5.000000000000000000e+00,2.000000000000000111e-01,9.490696407188359274e-02
4.240000000000000568e+01,1.010147005943238696e+00,9.000000000000000222e-01,5.000000000000000000e+00,2.000000000000000111e-01,2.750694564899934136e+00
4.260000000000000142e+01,9.954935286623365354e-01,9.000000000000000222e-01,5.000000000000000000e+00,2.000000000000000111e-01,-3.201841986136044760e+00
4.280000000000000426e+01,9.496209729631636121e-01,9.000000000000000222e-01,5.000000000000000000e+00,2.000000000000000111e-01,1.054744722687546599e+00
4.300000000000000000e+01,8.122866041006266968e-01,9.000000000000000222e-01,5.000000000000000000e+00,2.000000000000000111e-01,5.707352047785985150e-01
4.320000000000000284e+01,8.859512851105367792e-01,9.000000000000000222e-01,5.000000000000000000e+00,2.000000000000000111e-01,-6.570877402934415912e+00
4.340000000000000568e+01,6.897776569458655693e-01,9.000000000000000222e-01,5.000000000000000000e+00,2.000000000000000111e-01,9.071762961010691129e+00
4.360000000000000142e+01,7.948917368516243975e-01,9.000000000000000222e-01,5.000000000000000000e+00,2.000000000000000111e-01,-1.356536188939259091e-01
4.380000000000000426e+01,1.000878181019700275e+00,9.000000000000000222e-01,5.000000000000000000e+00,2.000000000000000111e-01,-1.688838036719889857e+00
4.400000000000000000e+01,8.797993426422990870e-01,9.000000000000000222e-01,5.000000000000000000e+00,2.000000000000000111e-01,9.994292639915180132e+00
4.420000000000000284e+01,1.011752427392254461e+00,9.000000000000000222e-01,5.000000000000000000e+00,2.000000000000000111e-01,2.006684554446639623e+00
4.440000000000000568e+01,8.479502950868205158e-01,9.000000000000000222e-01,5.000000000000000000e+00,2.000000000000000111e-01,5.117476235408416230e+00
4.460000000000000142e+01,1.126614388097406660e+00,9.000000000000000222e-01,5.000000000000000000e+00,2.000000000000000111e-01,1.667652732492435064e+00
4.480000000000000426e+01,7.557229153286937340e-01,9.000000000000000222e-01,5.000000000000000000e+00,2.000000000000000111e-01,-6.293369405173208087e+00
4.500000000000000000e+01,9.511084444408011151e-01,9.000000000000000222e-01,5.000000000000000000e+00,2.000000000000000111e-01,-5.430124567136793701e-01
4.520000000000000284e+01,8.641175819886675047e-01,9.000000000000000222e-01,5.000000000000000000e+00,2.000000000000000111e-01,8.967387212341016323e+00
4.540000000000000568e+01,8.683812418795860966e-01,9.000000000000000222e-01,5.000000000000000000e+00,2.000000000000000111e-01,-2.387749230143998425e+00
4.560000000000000142e+01,8.355332027205721879e-01,9.000000000000000222e-01,5.000000000000000000e+00,2.000000000000000111e-01,1.590230898187012798e-01
4.580000000000000426e+01,8.454983129226228966e-01,9.000000000000000222e-01,5.000000000000000000e+00,2.000000000000000111e-01,-9.781527605962445193e+00
4.600000000000000000e+01,8.549046046303823143e-01,9.000000000000000222e-01,5.000000000000000000e+00,2.000000000000000111e-01,5.248706724347645292e+00
4.620000000000000284e+01,9.119114784648947314e-01,9.000000000000000222e-01,5.000000000000000000e+00,2.000000000000000111e-01,-7.830077352797147228e+00
4.640000000000000568e+01,8.775056882488850851e-01,9.000000000000000222e-01,5.000000000000000000e+00,2.000000000000000111e-01,-9.598486642732437346e+00
4.660000000000000142e+01,9.817796109978462749e-01,1.000000000000000000e+00,5.000000000000000000e+00,2.000000000000000111e-01,-8.487458846231575649e+00
4.680000000000000426e+01,9.489022011005031620e-01,1.000000000000000000e+00,5.000000000000000000e+00,2.000000000000000111e-01,-6.731470842702149682e+00
4.700000000000000000e+01,1.061256702343478020e+00,1.000000000000000000e+00,5.000000000000000000e+00,2.000000000000000111e-01,-5.749679534100867073e+00
4.720000000000000284e+01,1.005362905156399478e+00,1.000000000000000000e+00,5.000000000000000000e+00,2.000000000000000111e-01,-2.198959608540991262e+00
4.740000000000000568e+01,1.033577751882091444e+00,1.000000000000000000e+00,5.000000000000000000e+00,2.000000000000000111e-01,1.477144724100543982e+00
4.760000000000000142e+01,8.887294555222327030e-01,1.000000000000000000e+00,5.000000000000000000e+00,2.000000000000000111e-01,-9.373585051279405889e+00
4.780000000000000426e+01,9.448203329358596525e-01,1.000000000000000000e+00,5.000000000000000000e+00,2.000000000000000111e-01,2.675509246544322650e+00
4.800000000000000000e+01,1.014735557975515290e+00,1.000000000000000000e+00,5.000000000000000000e+00,2.000000000000000111e-01,8.434361408767916402e-01
4.820000000000000284e+01,9.107945329143225521e-01,1.000000000000000000e+00,5.000000000000000000e+00,2.000000000000000111e-01,-5.618898099071141239e+00
4.840000000000000568e+01,9.068494663004276202e-01,1.000000000000000000e+00,5.000000000000000000e+00,2.000000000000000111e-01,5.999003676140191033e+00
4.860000000000000142e+01,9.153956799611133732e-01,1.000000000000000000e+00,5.000000000000000000e+00,2.000000000000000111e-01,-5.562626889764024085e+00
4.880000000000000426e+01,1.108305100940025767e+00,1.000000000000000000e+00,5.000000000000000000e+00,2.000000000000000111e-01,-4.383493474008597346e+00
4.900000000000000000e+01,9.319828369366094378e-01,1.000000000000000000e+00,5.000000000000000000e+00,2.000000000000000111e-01,2.486785036357318290e+00
4.920000000000000284e+01,8.925854389764492636e-01,1.000000000000000000e+00,5.000000000000000000e+00,2.000000000000000111e-01,-1.032613958216643368e+00
4.940000000000000568e+01,1.126643193430690637e+00,1.000000000000000000e+00,5.000000000000000000e+00,2.000000000000000111e-01,2.072515055820979057e+00
4.960000000000000142e+01,9.987497206518155535e-01,1.100000000000000089e+00,5.000000000000000000e+00,2.000000000000000111e-01,6.627529395852516103e+00
4.980000000000000426e+01,1.063096598579573060e+00,1.100000000000000089e+00,5.000000000000000000e+00,2.000000000000000111e-01,2.950125810662004966e+00
5.000000000000000000e+01,1.070236887452936880e+00,1.100000000000000089e+00,5.000000000000000000e+00,2.000000000000000111e-01,6.036227100716569538e+00
5.020000000000000284e+01,1.114598453487271046e+00,1.100000000000000089e+00,5.000000000000000000e+00,2.000000000000000111e-01,5.479327163735215223e+00
5.040000000000000568e+01,1.105126432454488050e+00,1.100000000000000089e+00,5.000000000000000000e+00,2.000000000000000111e-01,2.029611791645454133e+00
5.060000000000000142e+01,1.076338490960225824e+00,1.100000000000000089e+00,5.000000000000000000e+00,2.000000000000000111e-01,9.793216023067106590e+00
5.080000000000000426e+01,1.069919859863125877e+00,1.100000000000000089e+00,5.000000000000000000e+00,2.000000000000000111e-01,3.767720548478594722e+00
5.100000000000000000e+01,1.209808918906540409e+00,1.100000000000000089e+00,5.000000000000000000e+00,2.000000000000000111e-01,6.824820324940148453e-01
5.120000000000000284e+01,1.057987994233424489e+00,1.100000000000000089e+00,5.000000000000000000e+00,2.000000000000000111e-01,-6.953564467962076279e+00
5.140000000000000568e+01,1.264177896224349507e+00,1.100000000000000089e+00,5.000000000000000000e+00,2.000000000000000111e-01,-7.935217162172669703e+00
5.160000000000000142e+01,1.069373719103604570e+00,1.100000000000000089e+00,5.000000000000000000e+00,2.000000000000000111e-01,6.940689905576675756e+00
5.180000000000000426e+01,1.142852411944136559e+00,1.100000000000000089e+00,5.000000000000000000e+00,2.000000000000000111e-01,9.263987604059241932e+00
5.200000000000000000e+01,1.015714601783654469e+00,1.100000000000000089e+00,5.000000000000000000e+00,2.000000000000000111e-01,3.765015915929286194e-01
5.220000000000000284e+01,1.221285774670295865e+00,1.100000000000000089e+00,5.000000000000000000e+00,2.000000000000000111e-01,1.336048694718265040e+00
5.240000000000000568e+01,1.041469527641195825e+00,1.100000000000000089e+00,5.000000000000000000e+00,2.000000000000000111e-01,5.441178677399280517e+00
5.260000000000000142e+01,1.302625961486624684e+00,1.100000000000000089e+00,5.000000000000000000e+00,2.000000000000000111e-01,-5.157565064770479601e+00
5.280000000000000426e+01,1.051742243563594137e+00,1.100000000000000089e+00,5.000000000000000000e+00,2.000000000000000111e-01,-1.392990092967806959e+00
5.300000000000000000e+01,1.138962921100528325e+00,1.100000000000000089e+00,5.000000000000000000e+00,2.000000000000000111e-01,-6.366190082233595504e+00
5.320000000000000284e+01,1.074361316006960498e+00,1.100000000000000089e+00,5.000000000000000000e+00,2.000000000000000111e-01,5.439114483340842909e+00
5.340000000000000568e+01,1.019650366637864236e+00,1.100000000000000089e+00,5.000000000000000000e+00,2.000000000000000111e-01,-6.788545873707891865e+00
5.360000000000000142e+01,1.076546244443659539e+00,1.100000000000000089e+00,5.000000000000000000e+00,2.000000000000000111e-01,-7.984452174350389342e+00
5.380000000000000426e+01,1.198346742485861149e+00,1.100000000000000089e+00,5.000000000000000000e+00,2.000000000000000111e-01,5.523173252127129729e+00
5.400000000000000000e+01,1.096782100035545549e+00,1.100000000000000089e+00,5.000000000000000000e+00,2.000000000000000111e-01,-4.270042250215877466e+00
5.420000000000000284e+01,1.092564803028555076e+00,1.100000000000000089e+00,5.000000000000000000e+00,2.000000000000000111e-01,6.298513724225163202e-01
5.440000000000000568e+01,1.034135227370526877e+00,1.100000000000000089e+00,5.000000000000000000e+00,2.000000000000000111e-01,-5.752173098336137436e+00
5.460000000000000142e+01,1.069058011080393999e+00,1.100000000000000089e+00,5.000000000000000000e+00,2.000000000000000111e-01,9.590488395356445039e+00
5.480000000000000426e+01,1.133314092934941231e+00,1.100000000000000089e+00,5.000000000000000000e+00,2.000000000000000111e-01,3.660999665067611986e+00
5.500000000000000000e+01,1.259043816116663717e+00,1.100000000000000089e+00,5.000000000000000000e+00,2.000000000000000111e-01,-3.850481319070075514e+00
5.520000000000000284e+01,1.228318488225783378e+00,1.100000000000000089e+00,5.000000000000000000e+00,2.000000000000000111e-01,1.225461670589487184e+00
5.540000000000000568e+01,1.110364411682750019e+00,1.100000000000000089e+00,5.000000000000000000e+00,2.000000000000000111e-01,-6.269147231557019140e+00
5.560000000000000142e+01,1.195085923614548351e+00,1.100000000000000089e+00,5.000000000000000000e+00,2.000000000000000111e-01,8.291855151709736305e+00
5.580000000000000426e+01,1.188397424424554316e+00,1.100000000000000089e+00,5.000000000000000000e+00,2.000000000000000111e-01,1.522234946587829540e+00
5.600000000000000000e+01,1.207124237014535639e+00,1.100000000000000089e+00,5.000000000000000000e+00,2.000000000000000111e-01,1.123211905987126613e+00
5.620000000000000284e+01,1.152060050484288611e+00,1.100000000000000089e+00,5.000000000000000000e+00,2.000000000000000111e-01,1.957928974961973267e-01
5.640000000000000568e+01,1.254145856765107592e+00,1.100000000000000089e+00,5.000000000000000000e+00,2.000000000000000111e-01,7.628402165084466446e+00
5.660000000000000142e+01,1.139956942182487110e+00,1.100000000000000089e+00,5.000000000000000000e+00,2.000000000000000111e-01,6.857174584955640029e+00
5.680000000000000426e+01,1.239117204616906331e+00,1.100000000000000089e+00,5.000000000000000000e+00,2.000000000000000111e-01,-8.695110129680376332e+00
5.700000000000000000e+01,1.080789692998988194e+00,1.100000000000000089e+00,5.000000000000000000e+00,2.000000000000000111e-01,-5.360913852395954748e+00
5.720000000000000284e+01,1.123766493757213381e+00,1.100000000000000089e+00,5.000000000000000000e+00,2.000000000000000111e-01,-8.257198885818402445e+00
5.740000000000000568e+01,9.849485713940252518e-01,1.100000000000000089e+00,5.000000000000000000e+00,2.000000000000000111e-01,8.548375889093414060e+00
5.760000000000000142e+01,1.171412463947083094e+00,1.100000000000000089e+00,5.000000000000000000e+00,2.000000000000000111e-01,3.618131022933992469e+00
5.780000000000000426e+01,1.198620558376489953e+00,1.100000000000000089e+00,5.000000000000000000e+00,2.000000000000000111e-01,-4.556736717312050544e+00
5.800000000000000000e+01,1.163411971369899600e+00,1.100000000000000089e+00,5.000000000000000000e+00,2.000000000000000111e-01,7.258044107413901713e+00
5.820000000000000284e+01,1.055982827640030264e+00,1.100000000000000089e+00,5.000000000000000000e+00,2.000000000000000111e-01,-1.271342513224462678e+00
5.840000000000000568e+01,1.052609176677870906e+00,1.100000000000000089e+00,5.000000000000000000e+00,2.000000000000000111e-01,-5.767105911956196707e+00
5.860000000000000142e+01,1.122495425985289952e+00,1.100000000000000089e+00,5.000000000000000000e+00,2.000000000000000111e-01,2.012509564658120809e+00
5.880000000000000426e+01,1.088291461348741773e+00,1.100000000000000089e+00,5.000000000000000000e+00,2.000000000000000111e-01,-6.770921421188944578e+00
5.900000000000000000e+01,1.116989054994156794e+00,1.100000000000000089e+00,5.000000000000000000e+00,2.000000000000000111e-01,5.963374030178554719e+00
5.920000000000000284e+01,1.038018735931138581e+00,1.100000000000000089e+00,5.000000000000000000e+00,2.000000000000000111e-01,3.848410431815290522e+00
5.940000000000000568e+01,1.171290059486488344e+00,1.100000000000000089e+00,5.000000000000000000e+00,2.000000000000000111e-01,-6.861397068703034563e+00
5.960000000000000142e+01,1.213921760496186719e+00,1.100000000000000089e+00,5.000000000000000000e+00,2.000000000000000111e-01,8.940179933050245609e+00
5.980000000000000426e+01,1.049409065543465358e+00,1.100000000000000089e+00,5.000000000000000000e+00,2.000000000000000111e-01,7.111734655147465389e+00
6.000000000000000000e+01,1.180563928524417605e+00,1.100000000000000089e+00,5.000000000000000000e+00,2.000000000000000111e-01,-8.503429985486496534e+00
6.020000000000000284e+01,1.166734982154148392e+00,1.100000000000000089e+00,5.000000000000000000e+00,2.000000000000000111e-01,-3.002822097669350931e+00
6.040000000000000568e+01,1.024967199358643777e+00,1.100000000000000089e+00,5.000000000000000000e+00,2.000000000000000111e-01,4.456263178644675804e+00
6.060000000000000142e+01,9.719873311338996791e-01,1.100000000000000089e+00,5.000000000000000000e+00,2.000000000000000111e-01,-8.460571246342688312e+00
6.080000000000000426e+01,1.140597698264083082e+00,1.100000000000000089e+00,5.000000000000000000e+00,2.000000000000000111e-01,5.714840019718451458e+00
6.100000000000000000e+01,1.077798167421571973e+00,1.100000000000000089e+00,5.000000000000000000e+00,2.000000000000000111e-01,1.320508364112008337e+00
6.120000000000000284e+01,1.098212881530082674e+00,1.100000000000000089e+00,5.000000000000000000e+00,2.000000000000000111e-01,-3.581581039842001601e+00
6.140000000000000568e+01,1.129772491307089899e+00,1.100000000000000089e+00,5.000000000000000000e+00,2.000000000000000111e-01,-5.664048483251445276e+00
6.160000000000000142e+01,1.028336059489600940e+00,1.100000000000000089e+00,5.000000000000000000e+00,2.000000000000000111e-01,9.594404111063724372e+00
6.180000000000000426e+01,1.141929157819680629e+00,1.100000000000000089e+00,5.000000000000000000e+00,2.000000000000000111e-01,8.265886064268091360e+00
6.200000000000000000e+01,1.017846743935271414e+00,1.100000000000000089e+00,5.000000000000000000e+00,2.000000000000000111e-01,8.440008321671228941e+00
6.220000000000000284e+01,8.885823700521923163e-01,1.100000000000000089e+00,5.000000000000000000e+00,2.000000000000000111e-01,-5.731897067276285895e+00
6.240000000000000568e+01,9.702592690799262121e-01,1.100000000000000089e+00,5.000000000000000000e+00,2.000000000000000111e-01,-7.914550888994121181e+00
6.260000000000000142e+01,1.181434856337818751e+00,1.100000000000000089e+00,5.000000000000000000e+00,2.000000000000000111e-01,-6.926114414808748343e+00
6.280000000000000426e+01,1.108568694437450208e+00,1.100000000000000089e+00,5.000000000000000000e+00,2.000000000000000111e-01,9.975405322318220414e+00
6.300000000000000000e+01,1.171731965929857067e+00,1.100000000000000089e+00,5.000000000000000000e+00,2.000000000000000111e-01,8.878224776588659495e+00
6.320000000000000284e+01,1.010339043728564867e+00,1.100000000000000089e+00,5.000000000000000000e+00,2.000000000000000111e-01,-9.507061882846771894e+00
6.340000000000000568e+01,1.197452530432082884e+00,1.100000000000000089e+00,5.000000000000000000e+00,2.000000000000000111e-01,8.581869442006095028e+00
6.360000000000000142e+01,1.040220866565268132e+00,1.100000000000000089e+00,5.000000000000000000e+00,2.000000000000000111e-01,9.704028037882387991e+00
6.380000000000000426e+01,1.162206885234710940e+00,1.100000000000000089e+00,5.000000000000000000e+00,2.000000000000000111e-01,7.825548281936892892e+00
6.400000000000000000e+01,1.098998539574870703e+00,1.100000000000000089e+00,5.000000000000000000e+00,2.000000000000000111e-01,7.470185125494513301e+00
6.420000000000000284e+01,1.069918166635047907e+00,1.100000000000000089e+00,5.000000000000000000e+00,2.000000000000000111e-01,-4.341357498635081136e+00
6.440000000000000568e+01,1.116893610394244840e+00,1.100000000000000089e+00,5.000000000000000000e+00,2.000000000000000111e-01,7.793248894854322373e+00
6.460000000000000853e+01,1.074414199538603620e+00,1.100000000000000089e+00,5.000000000000000000e+00,2.000000000000000111e-01,-9.418891123955322797e+00
6.479999999999999716e+01,1.227695785785432481e+00,1.100000000000000089e+00,5.000000000000000000e+00,2.000000000000000111e-01,-4.239171346388303618e+00
6.500000000000000000e+01,1.122150369200304754e+00,1.100000000000000089e+00,5.000000000000000000e+00,2.000000000000000111e-01,9.504405288862500356e+00
6.520000000000000284e+01,1.136958772197954159e+00,1.100000000000000089e+00,5.000000000000000000e+00,2.000000000000000111e-01,-8.660083923684362972e+00
6.540000000000000568e+01,1.152129323005057326e+00,1.100000000000000089e+00,5.000000000000000000e+00,2.000000000000000111e-01,-3.086814608053101594e+00
6.560000000000000853e+01,1.208725818584677869e+00,1.100000000000000089e+00,5.000000000000000000e+00,2.000000000000000111e-01,-8.958761588693189282e+00
6.579999999999999716e+01,1.226013025322249650e+00,1.100000000000000089e+00,5.000000000000000000e+00,2.000000000000000111e-01,-4.197012807787485755e+00
6.600000000000000000e+01,1.261563557613559539e+00,1.100000000000000089e+00,5.000000000000000000e+00,2.000000000000000111e-01,-2.610754865451349715e+00
6.620000000000000284e+01,1.324904242938414578e+00,1.100000000000000089e+00,5.000000000000000000e+00,2.000000000000000111e-01,-3.923011951758146765e+00
6.640000000000000568e+01,9.765638076708420545e-01,1.100000000000000089e+00,5.000000000000000000e+00,2.000000000000000111e-01,2.196869310347464577e+00
6.660000000000000853e+01,1.100558768271756360e+00,1.100000000000000089e+00,5.000000000000000000e+00,2.000000000000000111e-01,8.000318042290142984e+00
6.679999999999999716e+01,1.236344162993129325e+00,1.100000000000000089e+00,5.000000000000000000e+00,2.000000000000000111e-01,-1.880488082785529258e+00
6.700000000000000000e+01,1.036839425485323485e+00,1.100000000000000089e+00,5.000000000000000000e+00,2.000000000000000111e-01,8.911422216199813562e+00
6.720000000000000284e+01,1.050292961896317712e+00,1.100000000000000089e+00,5.000000000000000000e+00,2.000000000000000111e-01,3.578832466921742395e+00
6.740000000000000568e+01,1.035398843526690538e+00,1.100000000000000089e+00,5.000000000000000000e+00,2.000000000000000111e-01,7.465684656483379200e+00
6.760000000000000853e+01,1.129021176069360033e+00,1.100000000000000089e+00,5.000000000000000000e+00,2.000000000000000111e-01,3.910460436678839358e+00
6.779999999999999716e+01,1.000035576875883514e+00,1.100000000000000089e+00,5.000000000000000000e+00,2.000000000000000111e-01,2.297282279707296482e+00
6.800000000000000000e+01,1.008056059370126878e+00,1.100000000000000089e+00,5.000000000000000000e+00,2.000000000000000111e-01,-6.857013744970572588e+00
6.820000000000000284e+01,1.135644383686591929e+00,1.100000000000000089e+00,5.000000000000000000e+00,2.000000000000000111e-01,-4.283246467351693454e+00
6.840000000000000568e+01,1.100163271338989279e+00,1.100000000000000089e+00,5.000000000000000000e+00,2.000000000000000111e-01,7.116501294018309665e+00
6.860000000000000853e+01,1.131400390637331999e+00,1.100000000000000089e+00,5.000000000000000000e+00,2.000000000000000111e-01,-4.856908942334166035e+00
6.879999999999999716e+01,1.207329988727545933e+00,1.100000000000000089e+00,5.000000000000000000e+00,2.000000000000000111e-01,5.452889647719885602e+00
6.900000000000000000e+01,1.113315149773840940e+00,1.100000000000000089e+00,5.000000000000000000e+00,2.000000000000000111e-01,-9.456387920146669401e+00
6.920000000000000284e+01,9.621410972730561895e-01,1.100000000000000089e+00,5.000000000000000000e+00,2.000000000000000111e-01,2.552697400945810102e+00
6.940000000000000568e+01,1.182887027495616028e+00,1.100000000000000089e+00,5.000000000000000000e+00,2.000000000000000111e-01,5.120122033853899524e+00
6.960000000000000853e+01,1.135680346934878404e+00,1.100000000000000089e+00,5.000000000000000000e+00,2.000000000000000111e-01,8.857702919796281549e+00
6.979999999999999716e+01,1.287322332934175861e+00,1.100000000000000089e+00,5.000000000000000000e+00,2.000000000000000111e-01,9.904277358241554197e+00
7.000000000000000000e+01,1.053591547380105631e+00,1.100000000000000089e+00,5.000000000000000000e+00,2.000000000000000111e-01,-8.031968526863346725e+00
7.020000000000000284e+01,9.993840635426582963e-01,1.100000000000000089e+00,5.000000000000000000e+00,2.000000000000000111e-01,1.532086238237022613e+00
7.040000000000000568e+01,1.155918093468628172e+00,1.100000000000000089e+00,5.000000000000000000e+00,2.000000000000000111e-01,9.774008027761862394e+00
7.060000000000000853e+01,9.602892557067717050e-01,1.100000000000000089e+00,5.000000000000000000e+00,2.000000000000000111e-01,2.859239324789708547e+00
7.079999999999999716e+01,1.129272907189139863e+00,1.100000000000000089e+00,5.000000000000000000e+00,2.000000000000000111e-01,-5.852558378119621096e-01
7.100000000000000000e+01,1.195988423242407617e+00,1.100000000000000089e+00,5.000000000000000000e+00,2.000000000000000111e-01,1.010310688203947649e+00
7.120000000000000284e+01,9.437654824031997958e-01,1.100000000000000089e+00,5.000000000000000000e+00,2.000000000000000111e-01,-1.427959519873532201e+00
7.140000000000000568e+01,1.243081201173566130e+00,1.100000000000000089e+00,5.000000000000000000e+00,2.000000000000000111e-01,-3.862571201801827669e+00
7.160000000000000853e+01,9.941659555052433372e-01,1.100000000000000089e+00,5.000000000000000000e+00,2.000000000000000111e-01,3.360037555414745469e+00
7.179999999999999716e+01,9.187603443585815599e-01,1.100000000000000089e+00,5.000000000000000000e+00,2.000000000000000111e-01,-5.295890912217053881e+00
7.200000000000000000e+01,9.943698332248607219e-01,1.100000000000000089e+00,5.000000000000000000e+00,2.000000000000000111e-01,-3.315710720273756351e+00
7.220000000000000284e+01,1.168691424576099092e+00,1.100000000000000089e+00,5.000000000000000000e+00,2.000000000000000111e-01,-2.561375621188628493e+00
7.240000000000000568e+01,1.077951800731722587e+00,1.100000000000000089e+00,5.000000000000000000e+00,2.000000000000000111e-01,-9.297962532555665405e+00
7.260000000000000853e+01,1.046802280968206267e+00,1.100000000000000089e+00,5.000000000000000000e+00,2.000000000000000111e-01,-6.786227975741063290e+00
7.279999999999999716e+01,1.158492025933206770e+00,1.100000000000000089e+00,5.000000000000000000e+00,2.000000000000000111e-01,2.714684336193602832e+00
7.300000000000000000e+01,1.160966857311428457e+00,1.100000000000000089e+00,5.000000000000000000e+00,2.000000000000000111e-01,6.114752795884541570e+00
7.320000000000000284e+01,1.132487960931102933e+00,1.100000000000000089e+00,5.000000000000000000e+00,2.000000000000000111e-01,7.897182010268831931e+00
7.340000000000000568e+01,1.205366174020710668e+00,1.100000000000000089e+00,5.000000000000000000e+00,2.000000000000000111e-01,-3.785570905353812243e+00
7.360000000000000853e+01,1.032465736658695121e+00,1.100000000000000089e+00,5.000000000000000000e+00,2.000000000000000111e-01,-1.839596745897900121e+00
7.379999999999999716e+01,1.140948058127654985e+00,1.100000000000000089e+00,5.000000000000000000e+00,2.000000000000000111e-01,8.663822065666995087e+00
7.400000000000000000e+01,1.093533805752059385e+00,1.100000000000000089e+00,5.000000000000000000e+00,2.000000000000000111e-01,4.717649089801740914e+00
7.420000000000000284e+01,9.431542343411558615e-01,1.100000000000000089e+00,5.000000000000000000e+00,2.000000000000000111e-01,8.281353230437673574e+00
7.440000000000000568e+01,1.203564626642587676e+00,1.100000000000000089e+00,5.000000000000000000e+00,2.000000000000000111e-01,8.778100708262620344e+00
7.460000000000000853e+01,9.183931813708461345e-01,1.000000000000000000e+00,5.000000000000000000e+00,2.000000000000000111e-01,5.345824125555582285e+00
7.479999999999999716e+01,1.036069971412047819e+00,1.000000000000000000e+00,5.000000000000000000e+00,2.000000000000000111e-01,9.759248047297720774e+00
7.500000000000000000e+01,1.082766378129430329e+00,1.000000000000000000e+00,5.000000000000000000e+00,2.000000000000000111e-01,8.241386724182447665e+00
7.520000000000000284e+01,9.394420299432690857e-01,1.000000000000000000e+00,5.000000000000000000e+00,2.000000000000000111e-01,-3.377960523069553744e+00
7.540000000000000568e+01,8.235232381008741331e-01,1.000000000000000000e+00,5.000000000000000000e+00,2.000000000000000111e-01,-4.062142371658055140e+00
7.560000000000000853e+01,1.090275356340293822e+00,1.000000000000000000e+00,5.000000000000000000e+00,2.000000000000000111e-01,-7.709540142556488007e-01
7.579999999999999716e+01,9.362387666169872391e-01,1.000000000000000000e+00,5.000000000000000000e+00,2.000000000000000111e-01,3.067014397705436934e+00
7.600000000000000000e+01,9.945378937294320210e-01,1.000000000000000000e+00,5.000000000000000000e+00,2.000000000000000111e-01,-4.009219192711714896e-01
7.620000000000000284e+01,9.552552089195789353e-01,1.000000000000000000e+00,5.000000000000000000e+00,2.000000000000000111e-01,-1.598552265955991203e+00
7.640000000000000568e+01,9.984984077748749742e-01,1.000000000000000000e+00,5.000000000000000000e+00,2.000000000000000111e-01,3.721276205503405876e+00
7.660000000000000853e+01,8.909697981886923746e-01,1.000000000000000000e+00,5.000000000000000000e+00,2.000000000000000111e-01,1.237148105093925921e-01
7.680000000000001137e+01,9.601209205309542138e-01,1.000000000000000000e+00,5.000000000000000000e+00,2.000000000000000111e-01,-2.806555886955921508e+00
7.700000000000000000e+01,8.699401350779240039e-01,1.000000000000000000e+00,5.000000000000000000e+00,2.000000000000000111e-01,-4.379150812897627532e+00
7.720000000000000284e+01,9.584694793077994657e-01,1.000000000000000000e+00,5.000000000000000000e+00,2.000000000000000111e-01,1.954947258015165445e+00
7.740000000000000568e+01,1.023109913997264586e+00,1.000000000000000000e+00,5.000000000000000000e+00,2.000000000000000111e-01,-2.676371980669629558e+00
7.760000000000000853e+01,9.540956961937390179e-01,1.000000000000000000e+00,5.000000000000000000e+00,2.000000000000000111e-01,-1.032138844038453129e+00
7.780000000000001137e+01,8.656685346319351604e-01,1.000000000000000000e+00,5.000000000000000000e+00,2.000000000000000111e-01,-4.532431248971948712e+00
7.800000000000000000e+01,1.067256432407161615e+00,1.000000000000000000e+00,5.000000000000000000e+00,2.000000000000000111e-01,4.436874788010802817e+00
7.820000000000000284e+01,9.879964608466949016e-01,1.000000000000000000e+00,5.000000000000000000e+00,2.000000000000000111e-01,-7.728525905323540002e+00
7.840000000000000568e+01,1.064183373848244463e+00,1.000000000000000000e+00,5.000000000000000000e+00,2.000000000000000111e-01,1.960779310108033968e-01
7.860000000000000853e+01,1.155942943983710558e+00,1.000000000000000000e+00,5.000000000000000000e+00,2.000000000000000111e-01,-3.762003270946047806e+00
7.880000000000001137e+01,1.123945517473002198e+00,1.000000000000000000e+00,5.000000000000000000e+00,2.000000000000000111e-01,-1.967186782799538847e+00
7.900000000000000000e+01,1.019968590521523000e+00,1.000000000000000000e+00,5.000000000000000000e+00,2.000000000000000111e-01,6.727565363445229707e+00
7.920000000000000284e+01,1.028587480760974726e+00,1.000000000000000000e+00,5.000000000000000000e+00,2.000000000000000111e-01,7.871399526141846792e+00
7.940000000000000568e+01,9.978573850873707629e-01,1.000000000000000000e+00,5.000000000000000000e+00,2.000000000000000111e-01,-7.884722831086456551e+00
7.960000000000000853e+01,9.433346925976652253e-01,1.000000000000000000e+00,5.000000000000000000e+00,2.000000000000000111e-01,-7.459934139323074476e+00
7.980000000000001137e+01,1.137479530762276703e+00,1.000000000000000000e+00,5.000000000000000000e+00,2.000000000000000111e-01,-9.112362049185161794e+00
8.000000000000000000e+01,1.122992350683708951e+00,1.000000000000000000e+00,5.000000000000000000e+00,2.000000000000000111e-01,5.810728131121933870e-02
8.020000000000000284e+01,8.446899310317002030e-01,1.000000000000000000e+00,5.000000000000000000e+00,2.000000000000000111e-01,-6.137843344687919256e+00
8.040000000000000568e+01,9.241979097845901547e-01,1.000000000000000000e+00,5.000000000000000000e+00,2.000000000000000111e-01,9.115106165909363511e+00
8.060000000000000853e+01,9.500943897426480378e-01,1.000000000000000000e+00,5.000000000000000000e+00,2.000000000000000111e-01,-9.926266912518528329e+00
8.080000000000001137e+01,1.213106850361547639e+00,1.000000000000000000e+00,5.000000000000000000e+00,2.000000000000000111e-01,5.018129165818130843e+00
8.100000000000000000e+01,7.827092190673418104e-01,1.000000000000000000e+00,5.000000000000000000e+00,2.000000000000000111e-01,-3.966305076434055721e+00
8.120000000000000284e+01,8.608545635923979811e-01,1.000000000000000000e+00,5.000000000000000000e+00,2.000000000000000111e-01,4.852263665077439114e+00
8.140000000000000568e+01,1.112797225353321151e+00,1.000000000000000000e+00,5.000000000000000000e+00,2.000000000000000111e-01,9.086668974016436806e+00
8.160000000000000853e+01,9.209508862829316467e-01,1.000000000000000000e+00,5.000000000000000000e+00,2.000000000000000111e-01,-7.513502951513775230e+00
8.180000000000001137e+01,1.001523057431202179e+00,1.000000000000000000e+00,5.000000000000000000e+00,2.000000000000000111e-01,2.143986842674276971e-01
8.200000000000000000e+01,8.706089704771708959e-01,1.000000000000000000e+00,5.000000000000000000e+00,2.000000000000000111e-01,-6.747985131673530645e+00
8.220000000000000284e+01,1.019598193246872064e+00,1.000000000000000000e+00,5.000000000000000000e+00,2.000000000000000111e-01,-7.696238711539375998e+00
8.240000000000000568e+01,1.086553593094117476e+00,1.000000000000000000e+00,5.000000000000000000e+00,2.000000000000000111e-01,8.726146294579230300e+00
8.260000000000000853e+01,8.887740597243183327e-01,1.000000000000000000e+00,5.000000000000000000e+00,2.000000000000000111e-01,3.408532879657194314e+00
8.280000000000001137e+01,9.418979116735075596e-01,1.000000000000000000e+00,5.000000000000000000e+00,2.000000000000000111e-01,7.545774533615418278e+00
8.300000000000000000e+01,7.522298510147538142e-01,1.000000000000000000e+00,5.000000000000000000e+00,2.000000000000000111e-01,5.123931482215022370e+00
8.320000000000000284e+01,9.097405622930383462e-01,1.000000000000000000e+00,5.000000000000000000e+00,2.000000000000000111e-01,-3.748883298269321429e+00
8.340000000000000568e+01,1.012785299704205721e+00,1.000000000000000000e+00,5.000000000000000000e+00,2.000000000000000111e-01,-5.209593006705359741e+00
8.360000000000000853e+01,1.145824842377412445e+00,1.000000000000000000e+00,5.000000000000000000e+00,2.000000000000000111e-01,6.218518271807557340e+00
8.380000000000001137e+01,1.075932640558489917e+00,1.000000000000000000e+00,5.000000000000000000e+00,2.000000000000000111e-01,7.909206889711423827e+00
8.400000000000000000e+01,8.846372248325844456e-01,1.000000000000000000e+00,5.000000000000000000e+00,2.000000000000000111e-01,-4.401348005776015704e+00
8.420000000000000284e+01,1.118039267336807807e+00,1.000000000000000000e+00,5.000000000000000000e+00,2.000000000000000111e-01,9.315208072975604381e+00
8.440000000000000568e+01,8.635022124372599972e-01,1.000000000000000000e+00,5.000000000000000000e+00,2.000000000000000111e-01,9.176920039694529407e+00
8.460000000000000853e+01,9.262537580975530593e-01,1.000000000000000000e+00,5.000000000000000000e+00,2.000000000000000111e-01,6.228092706295488057e+00
8.480000000000001137e+01,1.125470233971078038e+00,1.000000000000000000e+00,5.000000000000000000e+00,2.000000000000000111e-01,-5.117970914740817001e+00
8.500000000000000000e+01,8.014450116360769538e-01,1.000000000000000000e+00,5.000000000000000000e+00,2.000000000000000111e-01,1.315541431766087399e+00
8.520000000000000284e+01,1.084461858878369878e+00,1.000000000000000000e+00,5.000000000000000000e+00,2.000000000000000111e-01,-9.098430634437537634e-01
8.540000000000000568e+01,1.041987668556675128e+00,1.000000000000000000e+00,5.000000000000000000e+00,2.000000000000000111e-01,8.079584947088711999e+00
8.560000000000000853e+01,1.064451219946882743e+00,1.000000000000000000e+00,5.000000000000000000e+00,2.000000000000000111e-01,4.269659005335704194e+00
8.580000000000001137e+01,1.078963319983304636e+00,1.000000000000000000e+00,5.000000000000000000e+00,2.000000000000000111e-01,6.215407022889184674e+00
8.600000000000000000e+01,9.437495648563040129e-01,1.000000000000000000e+00,5.000000000000000000e+00,2.000000000000000111e-01,6.635691975195289416e+00
8.620000000000000284e+01,1.003628433887687299e+00,1.000000000000000000e+00,5.000000000000000000e+00,2.000000000000000111e-01,-2.919086206399956751e+00
8.640000000000000568e+01,1.028642319806045924e+00,1.000000000000000000e+00,5.000000000000000000e+00,2.000000000000000111e-01,1.661846651561909027e+00
8.660000000000000853e+01,9.926433278341026956e-01,1.000000000000000000e+00,5.000000000000000000e+00,2.000000000000000111e-01,9.055317700857202112e+00
8.680000000000001137e+01,7.804294253604266984e-01,1.000000000000000000e+00,5.000000000000000000e+00,2.000000000000000111e-01,-8.483660113393078461e+00
8.700000000000000000e+01,8.601559411588061144e-01,1.000000000000000000e+00,5.000000000000000000e+00,2.000000000000000111e-01,-6.765739694213999122e+00
8.720000000000000284e+01,8.372965254919820799e-01,1.000000000000000000e+00,5.000000000000000000e+00,2.000000000000000111e-01,-9.880748023123508972e-01
8.740000000000000568e+01,1.016211880509965804e+00,1.000000000000000000e+00,5.000000000000000000e+00,2.000000000000000111e-01,-7.528878745191462940e-01
8.760000000000000853e+01,9.969891286152581245e-01,1.000000000000000000e+00,5.000000000000000000e+00,2.000000000000000111e-01,7.756332822678078998e+00
8.780000000000001137e+01,1.012738653139030776e+00,1.000000000000000000e+00,5.000000000000000000e+00,2.000000000000000111e-01,-3.213967333423712880e+00
8.800000000000000000e+01,9.365497848635400135e-01,1.000000000000000000e+00,5.000000000000000000e+00,2.000000000000000111e-01,6.292135940134159000e+00
8.820000000000000284e+01,9.632217100972150226e-01,1.000000000000000000e+00,5.000000000000000000e+00,2.000000000000000111e-01,3.127006998854099606e+00
8.840000000000000568e+01,9.983392662844419174e-01,1.000000000000000000e+00,5.000000000000000000e+00,2.000000000000000111e-01,-3.927054764390973673e-01
8.860000000000000853e+01,1.031060084227266360e+00,1.000000000000000000e+00,5.000000000000000000e+00,2.000000000000000111e-01,-8.538028260774449762e+00
8.880000000000001137e+01,9.859725668589075509e-01,1.000000000000000000e+00,5.000000000000000000e+00,2.000000000000000111e-01,7.576760095986113441e+00
8.900000000000000000e+01,1.101158244619986792e+00,1.000000000000000000e+00,5.000000000000000000e+00,2.000000000000000111e-01,9.506850818831019012e+00
8.920000000000000284e+01,8.699765986110221672e-01,1.000000000000000000e+00,5.000000000000000000e+00,2.000000000000000111e-01,8.400697917252085034e+00
8.940000000000000568e+01,1.046921388137241227e+00,1.000000000000000000e+00,5.000000000000000000e+00,2.000000000000000111e-01,-2.037990969398681962e+00
8.960000000000000853e+01,1.002175045924336816e+00,1.000000000000000000e+00,5.000000000000000000e+00,2.000000000000000111e-01,-5.204357995840336315e-01
8.980000000000001137e+01,9.269122181492686074e-01,1.000000000000000000e+00,5.000000000000000000e+00,2.000000000000000111e-01,8.228613721519323576e+00
9.000000000000000000e+01,1.057668948214130600e+00,1.100000000000000089e+00,5.000000000000000000e+00,2.000000000000000111e-01,8.748514752911233927e+00
9.020000000000000284e+01,1.095381282002838130e+00,1.100000000000000089e+00,5.000000000000000000e+00,2.000000000000000111e-01,8.616828139891879346e+00
9.040000000000000568e+01,1.076512375938302624e+00,1.100000000000000089e+00,5.000000000000000000e+00,2.000000000000000111e-01,6.167866959575331265e+00
9.060000000000000853e+01,1.173673760195805826e+00,1.100000000000000089e+00,5.000000000000000000e+00,2.000000000000000111e-01,6.975554467423986438e+00
9.080000000000001137e+01,1.166080791998404198e+00,1.100000000000000089e+00,5.000000000000000000e+00,2.000000000000000111e-01,7.985379040902344627e+00
9.100000000000000000e+01,1.121038201131373313e+00,1.100000000000000089e+00,5.000000000000000000e+00,2.000000000000000111e-01,-6.803570631526261181e+00
9.120000000000000284e+01,1.237163851528176650e+00,1.100000000000000089e+00,5.000000000000000000e+00,2.000000000000000111e-01,9.017774730822921470e+00
9.140000000000000568e+01,1.255067973341291498e+00,1.100000000000000089e+00,5.000000000000000000e+00,2.000000000000000111e-01,-8.732518854805917385e-01
9.160000000000000853e+01,1.002542921742655802e+00,1.100000000000000089e+00,5.000000000000000000e+00,2.000000000000000111e-01,-6.275220252159677159e+00
9.180000000000001137e+01,1.114451889361573134e+00,1.100000000000000089e+00,5.000000000000000000e+00,2.000000000000000111e-01,1.758493739459295213e+00
9.200000000000000000e+01,1.250615871215187802e+00,1.100000000000000089e+00,5.000000000000000000e+00,2.000000000000000111e-01,-3.418731781629301025e+00
9.220000000000000284e+01,1.107391659198808442e+00,1.100000000000000089e+00,5.000000000000000000e+00,2.000000000000000111e-01,8.823695942737696640e+00
9.240000000000000568e+01,1.076783684156999987e+00,1.100000000000000089e+00,5.000000000000000000e+00,2.000000000000000111e-01,-2.743204632332103543e+00
9.260000000000000853e+01,1.219501731189666538e+00,1.100000000000000089e+00,5.000000000000000000e+00,2.000000000000000111e-01,-4.922606946646670423e+00
9.280000000000001137e+01,1.093915716320635667e+00,1.100000000000000089e+00,5.000000000000000000e+00,2.000000000000000111e-01,4.651197442808118865e+00
9.300000000000000000e+01,1.251240855918341444e+00,1.100000000000000089e+00,5.000000000000000000e+00,2.000000000000000111e-01,6.888889732570909530e+00
9.320000000000000284e+01,9.939199196177554985e-01,9.000000000000000222e-01,5.000000000000000000e+00,2.000000000000000111e-01,-7.246473616239756943e+00
9.340000000000000568e+01,1.176903059797596907e+00,9.000000000000000222e-01,5.000000000000000000e+00,2.000000000000000111e-01,-6.190259811100784049e+00
9.360000000000000853e+01,9.602409329351142553e-01,9.000000000000000222e-01,5.000000000000000000e+00,2.000000000000000111e-01,9.146286592820633388e+00
9.380000000000001137e+01,1.007218416265173389e+00,9.000000000000000222e-01,5.000000000000000000e+00,2.000000000000000111e-01,-1.820434448415022999e+00
9.400000000000000000e+01,9.232103922832317622e-01,9.000000000000000222e-01,5.000000000000000000e+00,2.000000000000000111e-01,7.899528965489086119e+00
9.420000000000000284e+01,9.927437019218389169e-01,9.000000000000000222e-01,5.000000000000000000e+00,2.000000000000000111e-01,-8.138023306550628888e+00
9.440000000000000568e+01,1.007997160472625220e+00,1.000000000000000000e+00,5.000000000000000000e+00,2.000000000000000111e-01,-5.967533607650534755e+00
9.460000000000000853e+01,9.481266455629109302e-01,1.000000000000000000e+00,5.000000000000000000e+00,2.000000000000000111e-01,-1.501134424441552540e-02
9.480000000000001137e+01,1.077308477080110460e+00,1.000000000000000000e+00,5.000000000000000000e+00,2.000000000000000111e-01,8.348977538257990716e+00
9.500000000000000000e+01,1.057204879594408231e+00,1.000000000000000000e+00,5.000000000000000000e+00,2.000000000000000111e-01,6.396564533875537251e+00
9.520000000000000284e+01,9.568243493058196103e-01,1.000000000000000000e+00,5.000000000000000000e+00,2.000000000000000111e-01,-2.057923881259442922e+00
9.540000000000000568e+01,9.903244189969153677e-01,1.000000000000000000e+00,5.000000000000000000e+00,2.000000000000000111e-01,4.610446431095221342e+00
9.560000000000000853e+01,1.004002301775547945e+00,1.000000000000000000e+00,5.000000000000000000e+00,2.000000000000000111e-01,-5.712390674112874933e+00
9.580000000000001137e+01,8.171430152023244631e-01,1.000000000000000000e+00,5.000000000000000000e+00,2.000000000000000111e-01,8.068661283041507204e+00
9.600000000000000000e+01,9.749512158297837239e-01,1.000000000000000000e+00,5.000000000000000000e+00,2.000000000000000111e-01,4.478238453306733646e+00
9.620000000000000284e+01,9.099423003242064212e-01,1.000000000000000000e+00,5.000000000000000000e+00,2.000000000000000111e-01,-6.200683911193767273e-01
9.640000000000000568e+01,9.392544468011171377e-01,1.000000000000000000e+00,5.000000000000000000e+00,2.000000000000000111e-01,4.150706518265037559e+00
9.660000000000000853e+01,1.076854406542890441e+00,1.000000000000000000e+00,5.000000000000000000e+00,2.000000000000000111e-01,-4.403539705362389256e+00
9.680000000000001137e+01,9.073070256597303151e-01,1.000000000000000000e+00,5.000000000000000000e+00,2.000000000000000111e-01,8.977369563283872367e-01
9.700000000000000000e+01,8.656093263954240946e-01,1.000000000000000000e+00,5.000000000000000000e+00,2.000000000000000111e-01,8.455534833585751642e-01
9.720000000000000284e+01,9.526289541650737602e-01,1.000000000000000000e+00,5.000000000000000000e+00,2.000000000000000111e-01,5.739161931953248086e+00
9.740000000000000568e+01,9.628007687293761441e-01,1.000000000000000000e+00,5.000000000000000000e+00,2.000000000000000111e-01,3.050977918322512750e-01
9.760000000000000853e+01,1.073544129791303980e+00,1.000000000000000000e+00,5.000000000000000000e+00,2.000000000000000111e-01,-3.741247604690816075e+00
9.780000000000001137e+01,9.838227437312500046e-01,1.000000000000000000e+00,5.000000000000000000e+00,2.000000000000000111e-01,-3.664739626375812520e+00
9.800000000000000000e+01,9.805911791772128350e-01,1.000000000000000000e+00,5.000000000000000000e+00,2.000000000000000111e-01,4.657168421618925080e+00
9.820000000000000284e+01,1.040191676442784541e+00,1.000000000000000000e+00,5.000000000000000000e+00,2.000000000000000111e-01,-2.408622377042508589e+00
9.840000000000000568e+01,9.977553519267751136e-01,1.000000000000000000e+00,5.000000000000000000e+00,2.000000000000000111e-01,-4.209217323558636537e+00
9.860000000000000853e+01,9.866742299135858874e-01,1.000000000000000000e+00,5.000000000000000000e+00,2.000000000000000111e-01,-8.786585645821141100e+00
9.880000000000001137e+01,1.027378499267877165e+00,1.000000000000000000e+00,5.000000000000000000e+00,2.000000000000000111e-01,-3.915040367064353433e+00
9.900000000000000000e+01,1.181948842762230445e+00,1.100000000000000089e+00,5.000000000000000000e+00,2.000000000000000111e-01,-1.450473280482283300e+00
9.920000000000000284e+01,1.081434975270272991e+00,1.100000000000000089e+00,5.000000000000000000e+00,2.000000000000000111e-01,2.983700201593039836e+00
9.940000000000000568e+01,1.017947693835979939e+00,1.100000000000000089e+00,5.000000000000000000e+00,2.000000000000000111e-01,-2.249149149762816435e+00
9.960000000000000853e+01,1.062749584359166555e+00,1.100000000000000089e+00,5.000000000000000000e+00,2.000000000000000111e-01,8.593748611744072008e+00
9.980000000000001137e+01,1.052092478764561134e+00,1.100000000000000089e+00,5.000000000000000000e+00,2.000000000000000111e-01,-1.932998570122435922e+00
1.000000000000000000e+02,1.201775453300079954e+00,1.100000000000000089e+00,5.000000000000000000e+00,2.000000000000000111e-01,6.905034056964794331e+00
1.002000000000000028e+02,1.075670520106132511e+00,1.100000000000000089e+00,5.000000000000000000e+00,2.000000000000000111e-01,6.733132009186604705e+00
1.004000000000000057e+02,1.141651303582779109e+00,1.100000000000000089e+00,5.000000000000000000e+00,2.000000000000000111e-01,4.796371413198912137e-01
1.006000000000000085e+02,8.781865943497193516e-01,9.000000000000000222e-01,5.000000000000000000e+00,2.000000000000000111e-01,4.286225813769206638e-01
1.008000000000000114e+02,9.158361689814664697e-01,9.000000000000000222e-01,5.000000000000000000e+00,2.000000000000000111e-01,-4.323550686008053034e+00
1.010000000000000000e+02,7.115159200258702743e-01,9.000000000000000222e-01,5.000000000000000000e+00,2.000000000000000111e-01,-8.194269349295215221e+00
1.012000000000000028e+02,1.014638326685547431e+00,9.000000000000000222e-01,5.000000000000000000e+00,2.000000000000000111e-01,-1.763649403613475997e+00
1.014000000000000057e+02,9.835560459926167010e-01,9.000000000000000222e-01,5.000000000000000000e+00,2.000000000000000111e-01,-2.250574742303581566e+00
1.016000000000000085e+02,9.756346529340188534e-01,9.000000000000000222e-01,5.000000000000000000e+00,2.000000000000000111e-01,8.669902242987703289e+00
1.018000000000000114e+02,8.516447508301964175e-01,9.000000000000000222e-01,5.000000000000000000e+00,2.000000000000000111e-01,-9.546604580708432763e+00
1.020000000000000000e+02,8.430014246084862606e-01,9.000000000000000222e-01,5.000000000000000000e+00,2.000000000000000111e-01,9.014940895958019951e+00
1.022000000000000028e+02,1.014849069464733411e+00,9.000000000000000222e-01,5.000000000000000000e+00,2.000000000000000111e-01,1.403212895749801348e+00
1.024000000000000057e+02,8.854303736042299366e-01,9.000000000000000222e-01,5.000000000000000000e+00,2.000000000000000111e-01,-4.322821466491184594e+00
1.026000000000000085e+02,9.136902988434958406e-01,9.000000000000000222e-01,5.000000000000000000e+00,2.000000000000000111e-01,5.473978302250309014e+00
1.028000000000000114e+02,1.221649110066997723e+00,1.100000000000000089e+00,5.000000000000000000e+00,2.000000000000000111e-01,6.999388148862955461e+00
1.030000000000000000e+02,1.032722347207715385e+00,1.100000000000000089e+00,5.000000000000000000e+00,2.000000000000000111e-01,9.960908288572618119e+00
1.032000000000000028e+02,9.681344192403699145e-01,1.000000000000000000e+00,5.000000000000000000e+00,2.000000000000000111e-01,-7.825794098883720906e+00
1.034000000000000057e+02,1.034210181180777788e+00,1.000000000000000000e+00,5.000000000000000000e+00,2.000000000000000111e-01,-3.467470922759316565e+00
1.036000000000000085e+02,1.031325105323605440e+00,1.000000000000000000e+00,5.000000000000000000e+00,2.000000000000000111e-01,-5.965044014366109870e+00
1.038000000000000114e+02,9.491864218414227672e-01,1.000000000000000000e+00,5.000000000000000000e+00,2.000000000000000111e-01,-5.991120507925067784e+00
1.040000000000000000e+02,9.518669155695831385e-01,1.000000000000000000e+00,5.000000000000000000e+00,2.000000000000000111e-01,8.138162514266600311e+00
1.042000000000000028e+02,9.493346267388692583e-01,1.000000000000000000e+00,5.000000000000000000e+00,2.000000000000000111e-01,3.519648740523564356e-01
1.044000000000000057e+02,1.068152714443551421e+00,1.000000000000000000e+00,5.000000000000000000e+00,2.000000000000000111e-01,-5.186108383614511652e+00
1.046000000000000085e+02,9.140931008021041526e-01,1.000000000000000000e+00,5.000000000000000000e+00,2.000000000000000111e-01,-3.088440576085904610e+00
1.048000000000000114e+02,1.003283156231677964e+00,1.000000000000000000e+00,5.000000000000000000e+00,2.000000000000000111e-01,4.926214464700864326e+00
1.050000000000000000e+02,9.830382675308280138e-01,1.000000000000000000e+00,5.000000000000000000e+00,2.000000000000000111e-01,1.679236292523643925e+00
1.052000000000000028e+02,9.967692845202432705e-01,1.000000000000000000e+00,5.000000000000000000e+00,2.000000000000000111e-01,-1.851513453345916105e+00
1.054000000000000057e+02,9.963894350657325205e-01,1.000000000000000000e+00,5.000000000000000000e+00,2.000000000000000111e-01,6.344315375506059951e-01
1.056000000000000085e+02,8.937388420404497325e-01,1.000000000000000000e+00,5.000000000000000000e+00,2.000000000000000111e-01,-2.693046465305924286e+00
1.058000000000000114e+02,1.131346134406027604e+00,1.000000000000000000e+00,5.000000000000000000e+00,2.000000000000000111e-01,9.940238555816669930e+00
1.060000000000000000e+02,1.021051443424271454e+00,1.000000000000000000e+00,5.000000000000000000e+00,2.000000000000000111e-01,6.432093155193349787e+00
1.062000000000000028e+02,1.022877995997662381e+00,1.000000000000000000e+00,5.000000000000000000e+00,2.000000000000000111e-01,3.433490447478870777e+00
1.064000000000000057e+02,8.800709000677159333e-01,1.000000000000000000e+00,5.000000000000000000e+00,2.000000000000000111e-01,9.952013586696939029e+00
1.066000000000000085e+02,9.038334201502778997e-01,1.000000000000000000e+00,5.000000000000000000e+00,2.000000000000000111e-01,-3.356968074268706914e+00
1.068000000000000114e+02,9.669338446862295600e-01,1.000000000000000000e+00,5.000000000000000000e+00,2.000000000000000111e-01,-2.166483651179325065e+00
1.070000000000000000e+02,8.179130328740025213e-01,1.000000000000000000e+00,5.000000000000000000e+00,2.000000000000000111e-01,5.284555613138493868e+00
1.072000000000000028e+02,1.077855720130553863e+00,1.000000000000000000e+00,5.000000000000000000e+00,2.000000000000000111e-01,2.751857363737805429e+00
1.074000000000000057e+02,1.002818552550190034e+00,1.000000000000000000e+00,5.000000000000000000e+00,2.000000000000000111e-01,4.852630638971804800e+00
1.076000000000000085e+02,1.063801047892116047e+00,1.000000000000000000e+00,5.000000000000000000e+00,2.000000000000000111e-01,-3.877180617228425774e+00
1.078000000000000114e+02,1.096795458134670831e+00,1.000000000000000000e+00,5.000000000000000000e+00,2.000000000000000111e-01,1.903196147072955924e+00
1.080000000000000000e+02,1.228269368305112907e+00,1.000000000000000000e+00,5.000000000000000000e+00,2.000000000000000111e-01,5.613377500149383081e+00
1.082000000000000028e+02,9.748227477722521961e-01,9.000000000000000222e-01,5.000000000000000000e+00,2.000000000000000111e-01,-3.932708338815189109e+00
1.084000000000000057e+02,1.046324015246770989e+00,9.000000000000000222e-01,5.000000000000000000e+00,2.000000000000000111e-01,6.156701852276633247e+00
1.086000000000000085e+02,8.077452426361546589e-01,9.000000000000000222e-01,5.000000000000000000e+00,2.000000000000000111e-01,-8.320872898781150440e+00
1.088000000000000114e+02,8.155436001101822319e-01,9.000000000000000222e-01,5.000000000000000000e+00,2.000000000000000111e-01,-9.722793229201432297e+00
1.090000000000000000e+02,7.382150270445178020e-01,9.000000000000000222e-01,5.000000000000000000e+00,2.000000000000000111e-01,9.275664295283696958e+00
1.092000000000000028e+02,8.665109716712651178e-01,9.000000000000000222e-01,5.000000000000000000e+00,2.000000000000000111e-01,1.825153737738698823e+00
1.094000000000000057e+02,8.594210438483044223e-01,9.000000000000000222e-01,5.000000000000000000e+00,2.000000000000000111e-01,2.653126317112127097e+00
1.096000000000000085e+02,1.021959713715679285e+00,9.000000000000000222e-01,5.000000000000000000e+00,2.000000000000000111e-01,-6.573652191893771146e+00
1.098000000000000114e+02,7.685058560620299239e-01,9.000000000000000222e-01,5.000000000000000000e+00,2.000000000000000111e-01,-7.953099751757928715e+00
1.100000000000000000e+02,9.940761736204110077e-01,9.000000000000000222e-01,5.000000000000000000e+00,2.000000000000000111e-01,9.447570641364396948e+00
1.102000000000000028e+02,8.239946645366393874e-01,9.000000000000000222e-01,5.000000000000000000e+00,2.000000000000000111e-01,-5.768744978878812546e+00
1.104000000000000057e+02,1.033805968251858554e+00,9.000000000000000222e-01,5.000000000000000000e+00,2.000000000000000111e-01,-1.110346547342203394e+00
1.106000000000000085e+02,8.555963908282130381e-01,9.000000000000000222e-01,5.000000000000000000e+00,2.000000000000000111e-01,-8.018107167737028362e+00
1.108000000000000114e+02,8.905110374429867637e-01,9.000000000000000222e-01,5.000000000000000000e+00,2.000000000000000111e-01,5.767225274025165049e-01
1.110000000000000000e+02,9.462731051334315469e-01,9.000000000000000222e-01,5.000000000000000000e+00,2.000000000000000111e-01,1.670963136161873308e+00
1.112000000000000028e+02,1.093501171229271707e+00,9.000000000000000222e-01,5.000000000000000000e+00,2.000000000000000111e-01,-2.022394857016784897e-01
1.114000000000000057e+02,1.140517674047434094e+00,9.000000000000000222e-01,5.000000000000000000e+00,2.000000000000000111e-01,-7.320980340891381388e+00
1.116000000000000085e+02,7.993259487180064404e-01,9.000000000000000222e-01,5.000000000000000000e+00,2.000000000000000111e-01,-7.570866514501162214e-02
1.118000000000000114e+02,1.075949398221160980e+00,9.000000000000000222e-01,5.000000000000000000e+00,2.000000000000000111e-01,-4.450390411073811947e+00
1.120000000000000000e+02,8.600105995730791264e-01,9.000000000000000222e-01,5.000000000000000000e+00,2.000000000000000111e-01,-9.472662034545169973e+00
1.122000000000000028e+02,8.508070066708174339e-01,9.000000000000000222e-01,5.000000000000000000e+00,2.000000000000000111e-01,4.650289962937094401e+00
1.124000000000000057e+02,9.687759109765767818e-01,9.000000000000000222e-01,5.000000000000000000e+00,2.000000000000000111e-01,-9.375062903780806423e+00
1.126000000000000085e+02,9.541240187957663599e-01,9.000000000000000222e-01,5.000000000000000000e+00,2.000000000000000111e-01,-1.841308176204844216e+00
1.128000000000000114e+02,8.702543560838926773e-01,9.000000000000000222e-01,5.000000000000000000e+00,2.000000000000000111e-01,2.248952870230896295e+00
1.130000000000000000e+02,9.512273874531398388e-01,9.000000000000000222e-01,5.000000000000000000e+00,2.000000000000000111e-01,-9.209466881015837103e+00
1.132000000000000028e+02,8.550330509773682586e-01,9.000000000000000222e-01,5.000000000000000000e+00,2.000000000000000111e-01,-8.227371010886916025e+00
1.134000000000000057e+02,7.950942914258997130e-01,9.000000000000000222e-01,5.000000000000000000e+00,2.000000000000000111e-01,6.322060754689079687e+00
1.136000000000000085e+02,8.306634988628883720e-01,9.000000000000000222e-01,5.000000000000000000e+00,2.000000000000000111e-01,-9.368054735706461855e+00
1.138000000000000114e+02,8.733023369014915049e-01,9.000000000000000222e-01,5.000000000000000000e+00,2.000000000000000111e-01,-6.064904565331055153e+00
1.140000000000000000e+02,9.303993051245608159e-01,9.000000000000000222e-01,5.000000000000000000e+00,2.000000000000000111e-01,7.225695910765207230e+00
1.142000000000000028e+02,8.187967918060653494e-01,9.000000000000000222e-01,5.000000000000000000e+00,2.000000000000000111e-01,8.615231455182922105e+00
1.144000000000000057e+02,1.115411458499013353e+00,9.000000000000000222e-01,5.000000000000000000e+00,2.000000000000000111e-01,8.916228697753290078e-01
1.146000000000000085e+02,8.709161096706030669e-01,9.000000000000000222e-01,5.000000000000000000e+00,2.000000000000000111e-01,-4.034858753209851656e+00
1.148000000000000114e+02,8.166099902910713970e-01,9.000000000000000222e-01,5.000000000000000000e+00,2.000000000000000111e-01,4.249848789814976158e-01
1.150000000000000000e+02,6.545700667614293700e-01,9.000000000000000222e-01,5.000000000000000000e+00,2.000000000000000111e-01,-7.010668280540026664e+00
1.152000000000000028e+02,8.099268963757937367e-01,9.000000000000000222e-01,5.000000000000000000e+00,2.000000000000000111e-01,1.308768009096164420e+00
1.154000000000000057e+02,8.348531676465612561e-01,9.000000000000000222e-01,5.000000000000000000e+00,2.000000000000000111e-01,-8.069300443105635878e-01
1.156000000000000085e+02,1.064995143950273393e+00,9.000000000000000222e-01,5.000000000000000000e+00,2.000000000000000111e-01,9.803466685401104996e+00
1.158000000000000114e+02,9.494895243479989366e-01,9.000000000000000222e-01,5.000000000000000000e+00,2.000000000000000111e-01,6.166566302251130338e+00
1.160000000000000000e+02,8.503815230479991882e-01,9.000000000000000222e-01,5.000000000000000000e+00,2.000000000000000111e-01,5.447789960754036542e+00
1.162000000000000028e+02,9.728038439435876539e-01,9.000000000000000222e-01,5.000000000000000000e+00,2.000000000000000111e-01,-9.936368387438200500e+00
1.164000000000000057e+02,9.315969148381019194e-01,9.000000000000000222e-01,5.000000000000000000e+00,2.000000000000000111e-01,2.453048847101426233e+00
1.166000000000000085e+02,9.430345944465827746e-01,9.000000000000000222e-01,5.000000000000000000e+00,2.000000000000000111e-01,8.580303804794592537e+00
1.168000000000000114e+02,7.961064866345761715e-01,9.000000000000000222e-01,5.000000000000000000e+00,2.000000000000000111e-01,5.953478739443607282e-01
1.170000000000000000e+02,9.057430893455282739e-01,9.000000000000000222e-01,5.000000000000000000e+00,2.000000000000000111e-01,3.622581593522216536e+00
1.172000000000000028e+02,9.160326294843780248e-01,9.000000000000000222e-01,5.000000000000000000e+00,2.000000000000000111e-01,-2.741035035060050973e+00
1.174000000000000057e+02,8.299136218283529320e-01,9.000000000000000222e-01,5.000000000000000000e+00,2.000000000000000111e-01,7.261278942503874845e+00
1.176000000000000085e+02,1.172863280582598255e+00,1.100000000000000089e+00,5.000000000000000000e+00,2.000000000000000111e-01,-6.466481079494970530e+00
1.178000000000000114e+02,1.175632052195018318e+00,1.100000000000000089e+00,5.000000000000000000e+00,2.000000000000000111e-01,9.962481130984144784e+00
1.180000000000000000e+02,1.034541317109428649e+00,1.100000000000000089e+00,5.000000000000000000e+00,2.000000000000000111e-01,3.511849966429888781e+00
1.182000000000000028e+02,1.157271887626332374e+00,1.100000000000000089e+00,5.000000000000000000e+00,2.000000000000000111e-01,1.475105884388574040e+00
1.184000000000000057e+02,1.086995002868443416e+00,1.100000000000000089e+00,5.000000000000000000e+00,2.000000000000000111e-01,9.147428623320635666e+00
1.186000000000000085e+02,1.136795098531777182e+00,1.100000000000000089e+00,5.000000000000000000e+00,2.000000000000000111e-01,-2.129146246938368847e+00
1.188000000000000114e+02,1.208103533081082981e+00,1.100000000000000089e+00,5.000000000000000000e+00,2.000000000000000111e-01,-6.055885000800788731e+00
1.190000000000000000e+02,9.678658535328801271e-01,1.100000000000000089e+00,5.000000000000000000e+00,2.000000000000000111e-01,-9.071302598315300614e+00
1.192000000000000028e+02,1.117305298106304301e+00,1.100000000000000089e+00,5.000000000000000000e+00,2.000000000000000111e-01,4.089250965733818077e+00
1.194000000000000057e+02,1.126686076444316509e+00,1.100000000000000089e+00,5.000000000000000000e+00,2.000000000000000111e-01,7.173572495145403849e-01
1.196000000000000085e+02,1.023299905543514132e+00,1.100000000000000089e+00,5.000000000000000000e+00,2.000000000000000111e-01,-1.327878121236736320e-02
1.198000000000000114e+02,1.164638936485201004e+00,1.100000000000000089e+00,5.000000000000000000e+00,2.000000000000000111e-01,6.514412942889340030e+00
1.200000000000000000e+02,1.026311677555708624e+00,1.100000000000000089e+00,5.000000000000000000e+00,2.000000000000000111e-01,9.670483086440992082e+00
1.202000000000000028e+02,1.066662576758552472e+00,1.100000000000000089e+00,5.000000000000000000e+00,2.000000000000000111e-01,-8.732795579526477781e+00
1.204000000000000057e+02,1.204111899086678150e+00,1.100000000000000089e+00,5.000000000000000000e+00,2.000000000000000111e-01,2.556321047445104355e+00
1.206000000000000085e+02,1.106961825112336761e+00,1.100000000000000089e+00,5.000000000000000000e+00,2.000000000000000111e-01,2.468859752686821452e+00
1.208000000000000114e+02,8.844695043176873384e-01,1.100000000000000089e+00,5.000000000000000000e+00,2.000000000000000111e-01,-7.827008646845776241e+00
1.210000000000000000e+02,1.188468888129780465e+00,1.100000000000000089e+00,5.000000000000000000e+00,2.000000000000000111e-01,6.548002149785755677e+00
1.212000000000000028e+02,1.066050292596103066e+00,1.100000000000000089e+00,5.000000000000000000e+00,2.000000000000000111e-01,-8.365531377024934656e+00
1.214000000000000057e+02,1.197870522037318031e+00,1.100000000000000089e+00,5.000000000000000000e+00,2.000000000000000111e-01,8.711452719246988607e+00
1.216000000000000085e+02,1.060962363414139853e+00,1.100000000000000089e+00,5.000000000000000000e+00,2.000000000000000111e-01,-5.029384708678865223e+00
1.218000000000000114e+02,1.007092502681495194e+00,1.000000000000000000e+00,5.000000000000000000e+00,2.000000000000000111e-01,8.861383362880527415e+00
1.220000000000000000e+02,8.869141949537913128e-01,1.000000000000000000e+00,5.000000000000000000e+00,2.000000000000000111e-01,-8.718980375289365981e+00
1.222000000000000028e+02,9.552994465689391701e-01,1.000000000000000000e+00,5.000000000000000000e+00,2.000000000000000111e-01,-7.976372205687606964e+00
1.224000000000000057e+02,1.043867233549668594e+00,1.000000000000000000e+00,5.000000000000000000e+00,2.000000000000000111e-01,9.231635578704562306e+00
1.226000000000000085e+02,9.042536125271531944e-01,1.000000000000000000e+00,5.000000000000000000e+00,2.000000000000000111e-01,-3.814987626884076555e+00
1.228000000000000114e+02,1.162447583516940108e+00,1.000000000000000000e+00,5.000000000000000000e+00,2.000000000000000111e-01,5.346543542383317416e+00
1.230000000000000000e+02,1.125300111921291535e+00,1.000000000000000000e+00,5.000000000000000000e+00,2.000000000000000111e-01,2.253473865715280411e+00
1.232000000000000028e+02,1.108433226441462249e+00,1.000000000000000000e+00,5.000000000000000000e+00,2.000000000000000111e-01,-1.935109044144789792e+00
1.234000000000000057e+02,9.085877714690961948e-01,1.000000000000000000e+00,5.000000000000000000e+00,2.000000000000000111e-01,-4.133167297570494725e-02
1.236000000000000085e+02,8.892811724921665384e-01,1.000000000000000000e+00,5.000000000000000000e+00,2.000000000000000111e-01,5.223185489856458474e+00
1.238000000000000114e+02,9.626124271402710653e-01,1.000000000000000000e+00,5.000000000000000000e+00,2.000000000000000111e-01,9.769713913374040715e+00
1.240000000000000000e+02,1.011958416825914808e+00,1.000000000000000000e+00,5.000000000000000000e+00,2.000000000000000111e-01,-2.153002895720685927e+00
1.242000000000000028e+02,1.089080989388159448e+00,1.100000000000000089e+00,5.000000000000000000e+00,2.000000000000000111e-01,-7.453015226233410395e+00
1.244000000000000057e+02,1.204680660098532474e+00,1.100000000000000089e+00,5.000000000000000000e+00,2.000000000000000111e-01,8.325881001664260594e+00
1.246000000000000085e+02,1.149514951238616245e+00,1.000000000000000000e+00,5.000000000000000000e+00,2.000000000000000111e-01,3.525489005624605099e+00
1.248000000000000114e+02,1.077536042438316910e+00,1.000000000000000000e+00,5.000000000000000000e+00,2.000000000000000111e-01,8.543793503636358366e+00
1.250000000000000000e+02,9.253913111135718683e-01,1.000000000000000000e+00,5.000000000000000000e+00,2.000000000000000111e-01,1.669678643533416107e+00
1.252000000000000028e+02,9.156896242586503032e-01,1.000000000000000000e+00,5.000000000000000000e+00,2.000000000000000111e-01,7.585365352811042072e+00
1.254000000000000057e+02,1.069004010043638875e+00,1.000000000000000000e+00,5.000000000000000000e+00,2.000000000000000111e-01,2.200546091434141260e+00
1.256000000000000085e+02,9.795480514110321835e-01,1.000000000000000000e+00,5.000000000000000000e+00,2.000000000000000111e-01,-8.837555187961436687e+00
1.258000000000000114e+02,1.158251589141209514e+00,1.000000000000000000e+00,5.000000000000000000e+00,2.000000000000000111e-01,5.581178801544318446e+00
1.260000000000000000e+02,1.073674893461875612e+00,1.000000000000000000e+00,5.000000000000000000e+00,2.000000000000000111e-01,2.656127168731917010e+00
1.262000000000000028e+02,1.056772772289758411e+00,1.000000000000000000e+00,5.000000000000000000e+00,2.000000000000000111e-01,7.457763595459965700e+00
1.264000000000000057e+02,9.592867499842570034e-01,1.000000000000000000e+00,5.000000000000000000e+00,2.000000000000000111e-01,9.014520839168497446e+00
1.266000000000000085e+02,1.088449590927035082e+00,1.000000000000000000e+00,5.000000000000000000e+00,2.000000000000000111e-01,8.878681101920911090e-01
1.268000000000000114e+02,9.335246049784318156e-01,9.000000000000000222e-01,5.000000000000000000e+00,2.000000000000000111e-01,3.684451224545279402e+00
1.270000000000000000e+02,9.376634313957455946e-01,9.000000000000000222e-01,5.000000000000000000e+00,2.000000000000000111e-01,2.868537308439051969e-01
1.272000000000000028e+02,8.307691485911257168e-01,9.000000000000000222e-01,5.000000000000000000e+00,2.000000000000000111e-01,-1.859979427297314913e+00
1.274000000000000057e+02,8.345966308766977759e-01,9.000000000000000222e-01,5.000000000000000000e+00,2.000000000000000111e-01,2.957539978701168693e+00
1.276000000000000085e+02,8.645911149087330827e-01,9.000000000000000222e-01,5.000000000000000000e+00,2.000000000000000111e-01,-8.090499976936499138e+00
1.278000000000000114e+02,1.062031174626266505e+00,9.000000000000000222e-01,5.000000000000000000e+00,2.000000000000000111e-01,-2.120814451612695883e+00
1.280000000000000000e+02,9.018010715505293540e-01,9.000000000000000222e-01,5.000000000000000000e+00,2.000000000000000111e-01,9.160299673383782704e-01
1.282000000000000171e+02,8.149435689251944837e-01,9.000000000000000222e-01,5.000000000000000000e+00,2.000000000000000111e-01,-7.930597376616428384e+00
1.284000000000000057e+02,6.557905766036050688e-01,9.000000000000000222e-01,5.000000000000000000e+00,2.000000000000000111e-01,-5.708374913714813204e+00
1.285999999999999943e+02,8.992396825356775425e-01,9.000000000000000222e-01,5.000000000000000000e+00,2.000000000000000111e-01,-3.637774296616576031e+00
1.288000000000000114e+02,8.624849655110395918e-01,9.000000000000000222e-01,5.000000000000000000e+00,2.000000000000000111e-01,-8.976970828052957430e+00
1.290000000000000000e+02,9.338784246405716916e-01,9.000000000000000222e-01,5.000000000000000000e+00,2.000000000000000111e-01,6.969665307567066037e+00
1.292000000000000171e+02,8.446394313970368994e-01,9.000000000000000222e-01,5.000000000000000000e+00,2.000000000000000111e-01,-1.821267913321458209e+00
1.294000000000000057e+02,9.180580793716840438e-01,9.000000000000000222e-01,5.000000000000000000e+00,2.000000000000000111e-01,1.333635092973839420e+00
1.295999999999999943e+02,9.069549124607977353e-01,9.000000000000000222e-01,5.000000000000000000e+00,2.000000000000000111e-01,-7.498123401692600609e+00
1.298000000000000114e+02,8.826217983722567384e-01,9.000000000000000222e-01,5.000000000000000000e+00,2.000000000000000111e-01,1.000590769685636872e+00
1.300000000000000000e+02,9.997936948654019274e-01,9.000000000000000222e-01,5.000000000000000000e+00,2.000000000000000111e-01,-5.298350743538740026e+00
1.302000000000000171e+02,7.595972815711520276e-01,9.000000000000000222e-01,5.000000000000000000e+00,2.000000000000000111e-01,-7.011895170286230439e+00
1.304000000000000057e+02,9.579800233896644812e-01,9.000000000000000222e-01,5.000000000000000000e+00,2.000000000000000111e-01,-5.662993632115052023e+00
1.305999999999999943e+02,9.153011504365141660e-01,9.000000000000000222e-01,5.000000000000000000e+00,2.000000000000000111e-01,-7.621205153441596991e+00
1.308000000000000114e+02,8.234953032178236043e-01,9.000000000000000222e-01,5.000000000000000000e+00,2.000000000000000111e-01,-9.343436743745964890e+00
1.310000000000000000e+02,8.406006976633033645e-01,9.000000000000000222e-01,5.000000000000000000e+00,2.000000000000000111e-01,6.447136038745732378e+00
1.312000000000000171e+02,1.030339435459021846e+00,9.000000000000000222e-01,5.000000000000000000e+00,2.000000000000000111e-01,3.863632562363832790e+00
1.314000000000000057e+02,7.992092624994315830e-01,9.000000000000000222e-01,5.000000000000000000e+00,2.000000000000000111e-01,-9.286998206188616933e+00
1.315999999999999943e+02,9.392495976129707769e-01,9.000000000000000222e-01,5.000000000000000000e+00,2.000000000000000111e-01,6.963624753838750792e-01
1.318000000000000114e+02,8.702306610710187629e-01,9.000000000000000222e-01,5.000000000000000000e+00,2.000000000000000111e-01,-5.986425083735862351e+00
1.320000000000000000e+02,9.046765468510523656e-01,9.000000000000000222e-01,5.000000000000000000e+00,2.000000000000000111e-01,-6.812271956166958020e+00
1.322000000000000171e+02,8.485744717570852247e-01,9.000000000000000222e-01,5.000000000000000000e+00,2.000000000000000111e-01,-3.590893582229190528e+00
1.324000000000000057e+02,1.028886821979787758e+00,9.000000000000000222e-01,5.000000000000000000e+00,2.000000000000000111e-01,-2.942281318319050598e+00
1.325999999999999943e+02,1.008010697169181569e+00,9.000000000000000222e-01,5.000000000000000000e+00,2.000000000000000111e-01,-3.903288924123849313e+00
1.328000000000000114e+02,9.963554786754202919e-01,9.000000000000000222e-01,5.000000000000000000e+00,2.000000000000000111e-01,-6.087269722903165814e-01
1.330000000000000000e+02,7.725799279295066935e-01,9.000000000000000222e-01,5.000000000000000000e+00,2.000000000000000111e-01,-6.660558433329897277e+00
1.332000000000000171e+02,9.743987892926051497e-01,9.000000000000000222e-01,5.000000000000000000e+00,2.000000000000000111e-01,-4.401300079006444932e+00
1.334000000000000057e+02,1.056663012799226475e+00,9.000000000000000222e-01,5.000000000000000000e+00,2.000000000000000111e-01,-3.037202986934586235e+00
1.335999999999999943e+02,8.470709254595604198e-01,9.000000000000000222e-01,5.000000000000000000e+00,2.000000000000000111e-01,-9.740422335615326332e+00
1.338000000000000114e+02,8.821367962754111947e-01,9.000000000000000222e-01,5.000000000000000000e+00,2.000000000000000111e-01,9.377628350538344648e+00
1.340000000000000000e+02,8.723379411263976202e-01,9.000000000000000222e-01,5.000000000000000000e+00,2.000000000000000111e-01,2.890051253344932292e+00
1.342000000000000171e+02,8.235903705511125050e-01,9.000000000000000222e-01,5.000000000000000000e+00,2.000000000000000111e-01,8.627190634041216555e+00
1.344000000000000057e+02,9.743789816258876524e-01,9.000000000000000222e-01,5.000000000000000000e+00,2.000000000000000111e-01,7.588069696445149503e+00
1.345999999999999943e+02,1.124066064237806861e+00,1.100000000000000089e+00,5.000000000000000000e+00,2.000000000000000111e-01,4.314094819310859918e+00
1.348000000000000114e+02,1.045589919492588171e+00,1.100000000000000089e+00,5.000000000000000000e+00,2.000000000000000111e-01,5.365720927198562862e+00
1.350000000000000000e+02,1.187280162273422368e+00,1.100000000000000089e+00,5.000000000000000000e+00,2.000000000000000111e-01,-5.275878456392259608e+00
1.352000000000000171e+02,1.150351136095493221e+00,1.100000000000000089e+00,5.000000000000000000e+00,2.000000000000000111e-01,-6.812050669861797303e+00
1.354000000000000057e+02,1.231671457412335524e+00,1.100000000000000089e+00,5.000000000000000000e+00,2.000000000000000111e-01,-8.139085624078683523e+00
1.355999999999999943e+02,1.076308296003971154e+00,1.100000000000000089e+00,5.000000000000000000e+00,2.000000000000000111e-01,-7.955353918839456639e+00
1.358000000000000114e+02,9.695886768833599234e-01,1.100000000000000089e+00,5.000000000000000000e+00,2.000000000000000111e-01,-8.270810912909571044e+00
1.360000000000000000e+02,1.008705603680101426e+00,1.100000000000000089e+00,5.000000000000000000e+00,2.000000000000000111e-01,-9.717638731706408350e-01
1.362000000000000171e+02,1.022237776959850297e+00,1.100000000000000089e+00,5.000000000000000000e+00,2.000000000000000111e-01,-3.853958067567480050e+00
1.364000000000000057e+02,1.026444169237082038e+00,1.100000000000000089e+00,5.000000000000000000e+00,2.000000000000000111e-01,-9.296489196642699682e+00
1.365999999999999943e+02,9.575103577091589324e-01,1.100000000000000089e+00,5.000000000000000000e+00,2.000000000000000111e-01,6.640642508269891664e+00
1.368000000000000114e+02,1.042111521776883265e+00,1.100000000000000089e+00,5.000000000000000000e+00,2.000000000000000111e-01,4.010097109430697415e+00
1.370000000000000000e+02,1.107097071301935909e+00,1.100000000000000089e+00,5.000000000000000000e+00,2.000000000000000111e-01,-9.097566979228501438e+00
1.372000000000000171e+02,1.041955836714376638e+00,1.100000000000000089e+00,5.000000000000000000e+00,2.000000000000000111e-01,-7.787724108474918694e+00
1.374000000000000057e+02,1.187510792563723161e+00,1.100000000000000089e+00,5.000000000000000000e+00,2.000000000000000111e-01,7.350869740955705112e+00
1.375999999999999943e+02,9.968299975725695150e-01,1.100000000000000089e+00,5.000000000000000000e+00,2.000000000000000111e-01,8.730196520879609068e+00
1.378000000000000114e+02,1.012720685696942846e+00,1.100000000000000089e+00,5.000000000000000000e+00,2.000000000000000111e-01,-5.205137263230701805e+00
1.380000000000000000e+02,1.221921611194200397e+00,1.100000000000000089e+00,5.000000000000000000e+00,2.000000000000000111e-01,9.970919306354257827e+00
1.382000000000000171e+02,9.890137478252511993e-01,1.100000000000000089e+00,5.000000000000000000e+00,2.000000000000000111e-01,8.485572485715508151e+00
1.384000000000000057e+02,1.094315443801785470e+00,1.100000000000000089e+00,5.000000000000000000e+00,2.000000000000000111e-01,7.512395030425000897e+00
1.385999999999999943e+02,1.079689957152286661e+00,1.100000000000000089e+00,5.000000000000000000e+00,2.000000000000000111e-01,2.196677551077108603e-02
1.388000000000000114e+02,1.132253629575121767e+00,1.100000000000000089e+00,5.000000000000000000e+00,2.000000000000000111e-01,-4.541743286987580674e+00
1.390000000000000000e+02,1.174062329431590168e+00,1.100000000000000089e+00,5.000000000000000000e+00,2.000000000000000111e-01,5.555843838378411448e+00
1.392000000000000171e+02,1.290583507222267112e+00,1.100000000000000089e+00,5.000000000000000000e+00,2.000000000000000111e-01,3.773140384230815769e+00
1.394000000000000057e+02,1.165647768782619220e+00,1.100000000000000089e+00,5.000000000000000000e+00,2.000000000000000111e-01,-4.359070422556539093e+00
1.395999999999999943e+02,1.029649494517356434e+00,1.100000000000000089e+00,5.000000000000000000e+00,2.000000000000000111e-01,4.798830370126765388e-01
1.398000000000000114e+02,1.152697273226503505e+00,1.100000000000000089e+00,5.000000000000000000e+00,2.000000000000000111e-01,3.572106606337865031e+00
1.400000000000000000e+02,1.180656267273880289e+00,1.100000000000000089e+00,5.000000000000000000e+00,2.000000000000000111e-01,5.893929150767419856e+00
1.402000000000000171e+02,1.168481986952124352e+00,1.100000000000000089e+00,5.000000000000000000e+00,2.000000000000000111e-01,-2.110243356883767518e+00
1.404000000000000057e+02,1.229836388774183886e+00,1.100000000000000089e+00,5.000000000000000000e+00,2.000000000000000111e-01,-3.002736101767493615e+00
1.405999999999999943e+02,9.559896607873488161e-01,1.100000000000000089e+00,5.000000000000000000e+00,2.000000000000000111e-01,-8.676176987150174824e-01
1.408000000000000114e+02,9.774317567530136364e-01,1.100000000000000089e+00,5.000000000000000000e+00,2.000000000000000111e-01,9.899490170380197185e+00
1.410000000000000000e+02,1.187926609725986404e+00,1.100000000000000089e+00,5.000000000000000000e+00,2.000000000000000111e-01,-3.712084321505379592e+00
1.412000000000000171e+02,1.336856167305671805e+00,1.100000000000000089e+00,5.000000000000000000e+00,2.000000000000000111e-01,7.274755038552068953e+00
1.414000000000000057e+02,9.411804846719402651e-01,1.100000000000000089e+00,5.000000000000000000e+00,2.000000000000000111e-01,3.587986618682759143e-01
1.415999999999999943e+02,1.071916863079412918e+00,1.100000000000000089e+00,5.000000000000000000e+00,2.000000000000000111e-01,-6.043926162444106964e+00
1.418000000000000114e+02,1.169230623724128115e+00,1.100000000000000089e+00,5.000000000000000000e+00,2.000000000000000111e-01,5.683389639201230636e-02
1.420000000000000000e+02,9.691486998543633602e-01,1.100000000000000089e+00,5.000000000000000000e+00,2.000000000000000111e-01,-7.149389835216819478e-01
1.422000000000000171e+02,1.197984783602328518e+00,1.100000000000000089e+00,5.000000000000000000e+00,2.000000000000000111e-01,3.957258470022047447e+00
1.424000000000000057e+02,1.070397082186708149e+00,1.100000000000000089e+00,5.000000000000000000e+00,2.000000000000000111e-01,5.234800731084298775e+00
1.425999999999999943e+02,1.117015783384716077e+00,1.100000000000000089e+00,5.000000000000000000e+00,2.000000000000000111e-01,-1.728537931711539244e+00
1.428000000000000114e+02,1.137810080775194743e+00,1.100000000000000089e+00,5.000000000000000000e+00,2.000000000000000111e-01,-7.454330080077895104e+00
1.430000000000000000e+02,1.165854655906731319e+00,1.100000000000000089e+00,5.000000000000000000e+00,2.000000000000000111e-01,-4.604508133271316694e+00
1.432000000000000171e+02,1.277688531360861024e+00,1.100000000000000089e+00,5.000000000000000000e+00,2.000000000000000111e-01,3.686669575008775013e+00
1.434000000000000057e+02,8.645755539133399559e-01,1.100000000000000089e+00,5.000000000000000000e+00,2.000000000000000111e-01,-3.859653935038627637e+00
1.435999999999999943e+02,9.586981697923180334e-01,1.100000000000000089e+00,5.000000000000000000e+00,2.000000000000000111e-01,6.172503834582421689e+00
1.438000000000000114e+02,1.127482333261735858e+00,1.100000000000000089e+00,5.000000000000000000e+00,2.000000000000000111e-01,-1.021038057275653443e+00
1.440000000000000000e+02,9.933911976355112028e-01,1.100000000000000089e+00,5.000000000000000000e+00,2.000000000000000111e-01,8.987623900244610553e+00
1.442000000000000171e+02,9.718271422589752628e-01,1.100000000000000089e+00,5.000000000000000000e+00,2.000000000000000111e-01,3.432943472495930237e+00
1.444000000000000057e+02,1.207760168511627707e+00,1.100000000000000089e+00,5.000000000000000000e+00,2.000000000000000111e-01,-2.986891683287950627e+00
1.445999999999999943e+02,9.482567362033078595e-01,1.100000000000000089e+00,5.000000000000000000e+00,2.000000000000000111e-01,6.710523932584898432e+00
1.448000000000000114e+02,1.112888266105341861e+00,1.100000000000000089e+00,5.000000000000000000e+00,2.000000000000000111e-01,5.792788079061871542e+00
1.450000000000000000e+02,1.109387870005518195e+00,1.100000000000000089e+00,5.000000000000000000e+00,2.000000000000000111e-01,-9.457147910637466737e+00
1.452000000000000171e+02,1.025631775468829332e+00,1.100000000000000089e+00,5.000000000000000000e+00,2.000000000000000111e-01,8.654154778955550853e+00
1.454000000000000057e+02,1.001508514593367316e+00,1.100000000000000089e+00,5.000000000000000000e+00,2.000000000000000111e-01,-8.069442280556323510e+00
1.455999999999999943e+02,1.256050445701274665e+00,1.100000000000000089e+00,5.000000000000000000e+00,2.000000000000000111e-01,-5.059727274101426531e+00
1.458000000000000114e+02,1.152228468458674326e+00,1.100000000000000089e+00,5.000000000000000000e+00,2.000000000000000111e-01,2.282349598401713919e+00
1.460000000000000000e+02,1.172322292708709357e+00,1.100000000000000089e+00,5.000000000000000000e+00,2.000000000000000111e-01,-4.411254353489216129e+00
1.462000000000000171e+02,1.300609154767366382e+00,1.100000000000000089e+00,5.000000000000000000e+00,2.000000000000000111e-01,-6.900339648997695363e+00
1.464000000000000057e+02,1.090644351725471584e+00,1.100000000000000089e+00,5.000000000000000000e+00,2.000000000000000111e-01,9.427439174504939956e+00
1.465999999999999943e+02,1.084655089375852866e+00,1.100000000000000089e+00,5.000000000000000000e+00,2.000000000000000111e-01,3.272732976302732411e+00
1.468000000000000114e+02,9.316283564220508850e-01,1.100000000000000089e+00,5.000000000000000000e+00,2.000000000000000111e-01,1.779002474661226074e+00
1.470000000000000000e+02,1.123625115141638320e+00,1.100000000000000089e+00,5.000000000000000000e+00,2.000000000000000111e-01,-6.946483652876889181e-01
1.472000000000000171e+02,9.811761017963547271e-01,1.100000000000000089e+00,5.000000000000000000e+00,2.000000000000000111e-01,-1.918145634251835929e+00
1.474000000000000057e+02,1.101514324380065135e+00,1.100000000000000089e+00,5.000000000000000000e+00,2.000000000000000111e-01,8.689706311871660205e+00
1.475999999999999943e+02,9.386807099150948908e-01,1.100000000000000089e+00,5.000000000000000000e+00,2.000000000000000111e-01,-2.202980077960116745e+00
1.478000000000000114e+02,1.144464679630067483e+00,1.100000000000000089e+00,5.000000000000000000e+00,2.000000000000000111e-01,-6.811561879916238738e+00
1.480000000000000000e+02,1.002612737679529742e+00,1.100000000000000089e+00,5.000000000000000000e+00,2.000000000000000111e-01,-6.887687834045419066e+00
1.482000000000000171e+02,1.033829022448075730e+00,1.100000000000000089e+00,5.000000000000000000e+00,2.000000000000000111e-01,-3.116617448761560993e+00
1.484000000000000057e+02,9.991542726485400649e-01,1.100000000000000089e+00,5.000000000000000000e+00,2.000000000000000111e-01,-4.021641914331195444e+00
1.485999999999999943e+02,1.096848188824966153e+00,1.100000000000000089e+00,5.000000000000000000e+00,2.000000000000000111e-01,-6.387319333539092092e+00
1.488000000000000114e+02,1.061547146035275668e+00,1.100000000000000089e+00,5.000000000000000000e+00,2.000000000000000111e-01,8.931936105165043216e+00
1.490000000000000000e+02,1.055341436951277467e+00,1.100000000000000089e+00,5.000000000000000000e+00,2.000000000000000111e-01,-7.001651621404903381e+00
1.492000000000000171e+02,1.120671799943406821e+00,1.100000000000000089e+00,5.000000000000000000e+00,2.000000000000000111e-01,-4.602823235314883021e+00
1.494000000000000057e+02,1.219006732000006421e+00,1.100000000000000089e+00,5.000000000000000000e+00,2.000000000000000111e-01,-1.262387246891131909e+00
1.495999999999999943e+02,1.090232631880613923e+00,1.100000000000000089e+00,5.000000000000000000e+00,2.000000000000000111e-01,-5.119864962507674200e+00
1.498000000000000114e+02,1.109161064812918651e+00,1.100000000000000089e+00,5.000000000000000000e+00,2.000000000000000111e-01,1.036099146359205747e+00
1.500000000000000000e+02,1.166956497847530638e+00,1.100000000000000089e+00,5.000000000000000000e+00,2.000000000000000111e-01,8.552544368422797305e+00
1.502000000000000171e+02,1.069194198725718525e+00,1.100000000000000089e+00,5.000000000000000000e+00,2.000000000000000111e-01,7.440938531696058789e+00
1.504000000000000057e+02,1.217643264248359003e+00,1.100000000000000089e+00,5.000000000000000000e+00,2.000000000000000111e-01,5.503513425338431020e+00
1.505999999999999943e+02,1.098126671787022834e+00,1.100000000000000089e+00,5.000000000000000000e+00,2.000000000000000111e-01,3.148920808550485617e+00
1.508000000000000114e+02,1.098523873678456386e+00,1.100000000000000089e+00,5.000000000000000000e+00,2.000000000000000111e-01,9.741864404294627633e+00
1.510000000000000000e+02,9.906657851456547315e-01,1.100000000000000089e+00,5.000000000000000000e+00,2.000000000000000111e-01,-4.245247938768564211e+00
1.512000000000000171e+02,1.152589738157380417e+00,1.100000000000000089e+00,5.000000000000000000e+00,2.000000000000000111e-01,1.512232067325140150e+00
1.514000000000000057e+02,1.093253166488890260e+00,1.100000000000000089e+00,5.000000000000000000e+00,2.000000000000000111e-01,8.143425097180273298e+00
1.515999999999999943e+02,1.002527246493346125e+00,1.100000000000000089e+00,5.000000000000000000e+00,2.000000000000000111e-01,-5.438587467463376512e+00
1.518000000000000114e+02,1.176162524963560108e+00,1.100000000000000089e+00,5.000000000000000000e+00,2.000000000000000111e-01,3.496930057771672651e+00
1.520000000000000000e+02,1.032332022615054301e+00,1.100000000000000089e+00,5.000000000000000000e+00,2.000000000000000111e-01,-2.501958423778171792e+00
1.522000000000000171e+02,9.920169560505895934e-01,1.100000000000000089e+00,5.000000000000000000e+00,2.000000000000000111e-01,-1.565402938667316945e+00
1.524000000000000057e+02,1.155291689078596917e+00,1.100000000000000089e+00,5.000000000000000000e+00,2.000000000000000111e-01,-7.554955383616206888e+00
1.525999999999999943e+02,1.158060755527397401e+00,1.100000000000000089e+00,5.000000000000000000e+00,2.000000000000000111e-01,-7.640502125270486999e+00
1.528000000000000114e+02,1.165999477909127835e+00,1.100000000000000089e+00,5.000000000000000000e+00,2.000000000000000111e-01,3.122153939324547878e+00
1.530000000000000000e+02,1.156952384875029161e+00,1.100000000000000089e+00,5.000000000000000000e+00,2.000000000000000111e-01,-2.188215102669683887e+00
1.532000000000000171e+02,1.057970187976966514e+00,1.100000000000000089e+00,5.000000000000000000e+00,2.000000000000000111e-01,9.633431662859173628e+00
1.534000000000000057e+02,9.688730707593775637e-01,1.100000000000000089e+00,5.000000000000000000e+00,2.000000000000000111e-01,-6.690978675630359085e+00
1.536000000000000227e+02,1.148928675741312411e+00,1.100000000000000089e+00,5.000000000000000000e+00,2.000000000000000111e-01,-2.252319204588719259e+00
1.538000000000000114e+02,1.134846211791164405e+00,1.100000000000000089e+00,5.000000000000000000e+00,2.000000000000000111e-01,-8.395332566423183707e+00
1.540000000000000000e+02,1.051686232882625083e+00,1.100000000000000089e+00,5.000000000000000000e+00,2.000000000000000111e-01,7.366139249473370398e+00
1.542000000000000171e+02,1.102481856080437472e+00,1.100000000000000089e+00,5.000000000000000000e+00,2.000000000000000111e-01,8.063234610413910985e+00
1.544000000000000057e+02,1.109237134383697310e+00,1.100000000000000089e+00,5.000000000000000000e+00,2.000000000000000111e-01,-5.213761344100635853e+00
1.546000000000000227e+02,1.135498717112360056e+00,1.100000000000000089e+00,5.000000000000000000e+00,2.000000000000000111e-01,8.626089517286246178e+00
1.548000000000000114e+02,1.243763924909127239e+00,1.100000000000000089e+00,5.000000000000000000e+00,2.000000000000000111e-01,-1.494015027539248308e+00
1.550000000000000000e+02,1.075355190341839906e+00,1.100000000000000089e+00,5.000000000000000000e+00,2.000000000000000111e-01,-7.558046721183906413e+00
1.552000000000000171e+02,1.154624506323268074e+00,1.100000000000000089e+00,5.000000000000000000e+00,2.000000000000000111e-01,-4.596925751003269056e-01
1.554000000000000057e+02,1.178817316175144070e+00,1.100000000000000089e+00,5.000000000000000000e+00,2.000000000000000111e-01,-3.281739020585154876e+00
1.556000000000000227e+02,9.605670650304478642e-01,1.100000000000000089e+00,5.000000000000000000e+00,2.000000000000000111e-01,2.526120138502145451e+00
1.558000000000000114e+02,1.069771614476950017e+00,1.100000000000000089e+00,5.000000000000000000e+00,2.000000000000000111e-01,-6.361018714493765103e+00
1.560000000000000000e+02,1.169460667018436872e+00,1.100000000000000089e+00,5.000000000000000000e+00,2.000000000000000111e-01,5.810073991534574489e+00
1.562000000000000171e+02,1.011424920829691709e+00,1.100000000000000089e+00,5.000000000000000000e+00,2.000000000000000111e-01,8.498139978196874722e+00
1.564000000000000057e+02,1.220099259737457142e+00,1.100000000000000089e+00,5.000000000000000000e+00,2.000000000000000111e-01,2.710254470994479803e+00
1.566000000000000227e+02,1.345212638325380183e+00,1.100000000000000089e+00,5.000000000000000000e+00,2.000000000000000111e-01,5.681475665100506944e+00
1.568000000000000114e+02,1.012885566475804744e+00,1.100000000000000089e+00,5.000000000000000000e+00,2.000000000000000111e-01,-5.325051025725374032e+00
1.570000000000000000e+02,8.959854155006967691e-01,1.100000000000000089e+00,5.000000000000000000e+00,2.000000000000000111e-01,7.526340303447081936e+00
1.572000000000000171e+02,1.150238991049351345e+00,1.100000000000000089e+00,5.000000000000000000e+00,2.000000000000000111e-01,1.579274422905045938e+00
1.574000000000000057e+02,1.286898755279376694e+00,1.100000000000000089e+00,5.000000000000000000e+00,2.000000000000000111e-01,-6.340708019623580327e+00
1.576000000000000227e+02,1.088946735066825600e+00,1.100000000000000089e+00,5.000000000000000000e+00,2.000000000000000111e-01,-7.904591769129210022e+00
1.578000000000000114e+02,1.091177918030270311e+00,1.100000000000000089e+00,5.000000000000000000e+00,2.000000000000000111e-01,4.237425664079687238e+00
1.580000000000000000e+02,1.067781283539703363e+00,1.100000000000000089e+00,5.000000000000000000e+00,2.000000000000000111e-01,3.638016008516329336e+00
1.582000000000000171e+02,1.128578657667814733e+00,1.100000000000000089e+00,5.000000000000000000e+00,2.000000000000000111e-01,-3.587085230501230626e+00
1.584000000000000057e+02,1.105232949931733932e+00,1.100000000000000089e+00,5.000000000000000000e+00,2.000000000000000111e-01,-8.270851145629052326e+00
1.586000000000000227e+02,9.874127195490223219e-01,1.100000000000000089e+00,5.000000000000000000e+00,2.000000000000000111e-01,-9.427666970347329922e+00
1.588000000000000114e+02,1.058396718490643318e+00,1.100000000000000089e+00,5.000000000000000000e+00,2.000000000000000111e-01,1.875217155079589304e+00
1.590000000000000000e+02,1.090086098702392370e+00,1.100000000000000089e+00,5.000000000000000000e+00,2.000000000000000111e-01,-7.062281246328190321e+00
1.592000000000000171e+02,1.144753289233739979e+00,1.100000000000000089e+00,5.000000000000000000e+00,2.000000000000000111e-01,-2.823526412502417315e+00
1.594000000000000057e+02,1.113838893142995445e+00,1.100000000000000089e+00,5.000000000000000000e+00,2.000000000000000111e-01,7.527483637804465388e+00
1.596000000000000227e+02,1.042435348784512161e+00,1.100000000000000089e+00,5.000000000000000000e+00,2.000000000000000111e-01,-6.939998000339011597e+00
1.598000000000000114e+02,1.064482839895636745e+00,1.100000000000000089e+00,5.000000000000000000e+00,2.000000000000000111e-01,1.696024330515648160e+00
1.600000000000000000e+02,1.019102999282372357e+00,1.100000000000000089e+00,5.000000000000000000e+00,2.000000000000000111e-01,8.034191997845610445e+00
1.602000000000000171e+02,1.121366571515425292e+00,1.100000000000000089e+00,5.000000000000000000e+00,2.000000000000000111e-01,-2.794734244809555790e+00
1.604000000000000057e+02,1.107992661565263770e+00,1.100000000000000089e+00,5.000000000000000000e+00,2.000000000000000111e-01,-5.612904610078695455e+00
1.606000000000000227e+02,1.113606481153488481e+00,1.100000000000000089e+00,5.000000000000000000e+00,2.000000000000000111e-01,-8.952466604904625314e+00
1.608000000000000114e+02,1.080650161043597235e+00,1.100000000000000089e+00,5.000000000000000000e+00,2.000000000000000111e-01,4.833799966470165188e+00
1.610000000000000000e+02,1.218976728278315047e+00,1.100000000000000089e+00,5.000000000000000000e+00,2.000000000000000111e-01,4.088148573594498458e+00
1.612000000000000171e+02,1.087450497596620380e+00,1.100000000000000089e+00,5.000000000000000000e+00,2.000000000000000111e-01,4.497739850637751502e+00
1.614000000000000057e+02,1.076786174484247738e+00,1.100000000000000089e+00,5.000000000000000000e+00,2.000000000000000111e-01,3.068806517216593477e-01
1.616000000000000227e+02,1.065361227990617277e+00,1.100000000000000089e+00,5.000000000000000000e+00,2.000000000000000111e-01,-9.646269285286951600e+00
1.618000000000000114e+02,1.072110703539142174e+00,1.100000000000000089e+00,5.000000000000000000e+00,2.000000000000000111e-01,9.506338236987389223e+00
1.620000000000000000e+02,9.613604771102033375e-01,1.000000000000000000e+00,5.000000000000000000e+00,2.000000000000000111e-01,6.977646129751317261e+00
1.622000000000000171e+02,1.019824322012113260e+00,1.000000000000000000e+00,5.000000000000000000e+00,2.000000000000000111e-01,-9.550428195459709002e+00
1.624000000000000057e+02,1.151781181628680928e+00,1.000000000000000000e+00,5.000000000000000000e+00,2.000000000000000111e-01,-3.108105105196797169e+00
1.626000000000000227e+02,1.046381384560454597e+00,1.000000000000000000e+00,5.000000000000000000e+00,2.000000000000000111e-01,-8.429479555554724612e+00
1.628000000000000114e+02,1.113256347518616352e+00,1.000000000000000000e+00,5.000000000000000000e+00,2.000000000000000111e-01,4.608668897592043123e-01
1.630000000000000000e+02,1.095375303088850449e+00,1.000000000000000000e+00,5.000000000000000000e+00,2.000000000000000111e-01,-4.262161610211570029e+00
1.632000000000000171e+02,1.017099338692877941e+00,1.000000000000000000e+00,5.000000000000000000e+00,2.000000000000000111e-01,-4.235863851201962405e+00
1.634000000000000057e+02,1.066468290813832986e+00,1.000000000000000000e+00,5.000000000000000000e+00,2.000000000000000111e-01,-9.612312076267595984e+00
1.636000000000000227e+02,1.040045955421730950e+00,1.000000000000000000e+00,5.000000000000000000e+00,2.000000000000000111e-01,4.350974251669661896e+00
1.638000000000000114e+02,9.944374644780230588e-01,9.000000000000000222e-01,5.000000000000000000e+00,2.000000000000000111e-01,7.719944430237060118e+00
1.640000000000000000e+02,8.099283368031828800e-01,9.000000000000000222e-01,5.000000000000000000e+00,2.000000000000000111e-01,-3.728081431783003552e-02
1.642000000000000171e+02,8.255859123932648425e-01,9.000000000000000222e-01,5.000000000000000000e+00,2.000000000000000111e-01,-8.746673661839128755e+00
1.644000000000000057e+02,9.238627911040443452e-01,9.000000000000000222e-01,5.000000000000000000e+00,2.000000000000000111e-01,2.947285899006729437e+00
1.646000000000000227e+02,8.643891334706799157e-01,9.000000000000000222e-01,5.000000000000000000e+00,2.000000000000000111e-01,-2.786169200697194981e+00
1.648000000000000114e+02,1.013257057409798989e+00,9.000000000000000222e-01,5.000000000000000000e+00,2.000000000000000111e-01,-5.337112452097194648e-01
1.650000000000000000e+02,8.512671875870270188e-01,9.000000000000000222e-01,5.000000000000000000e+00,2.000000000000000111e-01,-6.831141586821603440e+00
1.652000000000000171e+02,9.176197504705021490e-01,9.000000000000000222e-01,5.000000000000000000e+00,2.000000000000000111e-01,-3.029750259315953542e+00
1.654000000000000057e+02,8.634061254946913122e-01,9.000000000000000222e-01,5.000000000000000000e+00,2.000000000000000111e-01,9.773009194869302974e+00
1.656000000000000227e+02,9.175604462256347071e-01,9.000000000000000222e-01,5.000000000000000000e+00,2.000000000000000111e-01,9.714871855951450641e+00
1.658000000000000114e+02,9.967573618564664617e-01,9.000000000000000222e-01,5.000000000000000000e+00,2.000000000000000111e-01,6.381379512130596510e+00
1.660000000000000000e+02,8.391523078174760730e-01,9.000000000000000222e-01,5.000000000000000000e+00,2.000000000000000111e-01,-4.498772652937730321e+00
1.662000000000000171e+02,9.250517530349017248e-01,9.000000000000000222e-01,5.000000000000000000e+00,2.000000000000000111e-01,-4.427327106116365485e-01
1.664000000000000057e+02,8.902741911574896250e-01,9.000000000000000222e-01,5.000000000000000000e+00,2.000000000000000111e-01,-6.661188505340298605e-02
1.666000000000000227e+02,1.069925004065088281e+00,9.000000000000000222e-01,5.000000000000000000e+00,2.000000000000000111e-01,4.334622437474253687e+00
1.668000000000000114e+02,9.679331587367678846e-01,9.000000000000000222e-01,5.000000000000000000e+00,2.000000000000000111e-01,-1.553814094909519383e+00
1.670000000000000000e+02,8.896034728232555810e-01,9.000000000000000222e-01,5.000000000000000000e+00,2.000000000000000111e-01,3.012296206891605266e+00
1.672000000000000171e+02,9.332350614080563433e-01,9.000000000000000222e-01,5.000000000000000000e+00,2.000000000000000111e-01,8.787581389082539829e+00
1.674000000000000057e+02,7.560295034046236040e-01,9.000000000000000222e-01,5.000000000000000000e+00,2.000000000000000111e-01,1.136718440638178507e+00
1.676000000000000227e+02,1.050790593803248907e+00,9.000000000000000222e-01,5.000000000000000000e+00,2.000000000000000111e-01,8.291886159413024870e+00
1.678000000000000114e+02,8.980993752365107330e-01,9.000000000000000222e-01,5.000000000000000000e+00,2.000000000000000111e-01,7.909494410231449280e+00
1.680000000000000000e+02,8.363642863828725238e-01,9.000000000000000222e-01,5.000000000000000000e+00,2.000000000000000111e-01,-8.771296337475520843e+00
1.682000000000000171e+02,8.616171592639243482e-01,9.000000000000000222e-01,5.000000000000000000e+00,2.000000000000000111e-01,5.853379093978446690e+00
1.684000000000000057e+02,8.906682100447664840e-01,9.000000000000000222e-01,5.000000000000000000e+00,2.000000000000000111e-01,-1.156014095721104695e+00
1.686000000000000227e+02,9.957964974386883661e-01,9.000000000000000222e-01,5.000000000000000000e+00,2.000000000000000111e-01,-6.334168531195825125e+00
1.688000000000000114e+02,9.461592442272550585e-01,9.000000000000000222e-01,5.000000000000000000e+00,2.000000000000000111e-01,9.498925069261723309e+00
1.690000000000000000e+02,8.403515506503613786e-01,9.000000000000000222e-01,5.000000000000000000e+00,2.000000000000000111e-01,-7.070478990403721298e-01
1.692000000000000171e+02,8.869551859749918998e-01,9.000000000000000222e-01,5.000000000000000000e+00,2.000000000000000111e-01,-8.219933800840063753e+00
1.694000000000000057e+02,9.995178262554795801e-01,9.000000000000000222e-01,5.000000000000000000e+00,2.000000000000000111e-01,9.410059719047723092e-01
1.696000000000000227e+02,8.713355447021129407e-01,9.000000000000000222e-01,5.000000000000000000e+00,2.000000000000000111e-01,9.664710668932663395e-02
1.698000000000000114e+02,6.785542621329226920e-01,9.000000000000000222e-01,5.000000000000000000e+00,2.000000000000000111e-01,-5.222685561423361378e+00
1.700000000000000000e+02,1.070214582040690754e+00,1.000000000000000000e+00,5.000000000000000000e+00,2.000000000000000111e-01,9.115603300774136386e+00
1.702000000000000171e+02,1.026634346667152808e+00,1.000000000000000000e+00,5.000000000000000000e+00,2.000000000000000111e-01,-8.681182431404222299e+00
1.704000000000000057e+02,9.971368364908842485e-01,1.000000000000000000e+00,5.000000000000000000e+00,2.000000000000000111e-01,-7.959558778350452890e+00
1.706000000000000227e+02,1.175069307965647125e+00,1.000000000000000000e+00,5.000000000000000000e+00,2.000000000000000111e-01,-2.031731764010529240e+00
1.708000000000000114e+02,1.104610077908503074e+00,1.000000000000000000e+00,5.000000000000000000e+00,2.000000000000000111e-01,-8.402357934717530341e+00
1.710000000000000000e+02,1.065473583365456500e+00,1.000000000000000000e+00,5.000000000000000000e+00,2.000000000000000111e-01,4.237324170732790662e+00
1.712000000000000171e+02,1.151213566083669093e+00,1.000000000000000000e+00,5.000000000000000000e+00,2.000000000000000111e-01,-8.828234616592176565e-01
1.714000000000000057e+02,9.035118212437023288e-01,1.000000000000000000e+00,5.000000000000000000e+00,2.000000000000000111e-01,-5.112466364147138620e+00
1.716000000000000227e+02,1.099602581266651669e+00,1.000000000000000000e+00,5.000000000000000000e+00,2.000000000000000111e-01,-6.668030061631324834e+00
1.718000000000000114e+02,1.028409776127277464e+00,1.000000000000000000e+00,5.000000000000000000e+00,2.000000000000000111e-01,-9.464556743030129837e+00
1.720000000000000000e+02,1.112273283595081041e+00,1.000000000000000000e+00,5.000000000000000000e+00,2.000000000000000111e-01,2.827172492348140054e-01
1.722000000000000171e+02,8.892440000483774476e-01,1.000000000000000000e+00,5.000000000000000000e+00,2.000000000000000111e-01,6.599983466189481618e+00
1.724000000000000057e+02,1.021434453338573300e+00,1.000000000000000000e+00,5.000000000000000000e+00,2.000000000000000111e-01,-1.702645189729839359e+00
1.726000000000000227e+02,1.111201498852694147e+00,1.000000000000000000e+00,5.000000000000000000e+00,2.000000000000000111e-01,3.646589097381395916e+00
1.728000000000000114e+02,1.102285697302694656e+00,1.000000000000000000e+00,5.000000000000000000e+00,2.000000000000000111e-01,-4.062393840370521758e-01
1.730000000000000000e+02,1.031480440805604193e+00,1.000000000000000000e+00,5.000000000000000000e+00,2.000000000000000111e-01,9.984166713225768319e+00
1.732000000000000171e+02,8.506349488159593575e-01,1.000000000000000000e+00,5.000000000000000000e+00,2.000000000000000111e-01,4.187941534557369394e+00
1.734000000000000057e+02,1.046024619920480347e+00,1.000000000000000000e+00,5.000000000000000000e+00,2.000000000000000111e-01,2.218884218351950821e+00
1.736000000000000227e+02,9.679775009931839147e-01,1.000000000000000000e+00,5.000000000000000000e+00,2.000000000000000111e-01,1.182927738192649514e+00
1.738000000000000114e+02,8.650301120535804911e-01,1.000000000000000000e+00,5.000000000000000000e+00,2.000000000000000111e-01,-6.326479434771030697e-01
1.740000000000000000e+02,9.977159833931223964e-01,1.000000000000000000e+00,5.000000000000000000e+00,2.000000000000000111e-01,4.671974079588562034e+00
1.742000000000000171e+02,9.800730783165800819e-01,1.000000000000000000e+00,5.000000000000000000e+00,2.000000000000000111e-01,8.592263519216949419e-01
1.744000000000000057e+02,1.049511812469875904e+00,1.000000000000000000e+00,5.000000000000000000e+00,2.000000000000000111e-01,-2.875657314862558600e+00
1.746000000000000227e+02,1.192582845753356491e+00,1.000000000000000000e+00,5.000000000000000000e+00,2.000000000000000111e-01,8.989362694726661829e+00
1.748000000000000114e+02,9.823192789282205739e-01,1.000000000000000000e+00,5.000000000000000000e+00,2.000000000000000111e-01,5.251322003603560162e+00
1.750000000000000000e+02,1.012870841626476226e+00,1.000000000000000000e+00,5.000000000000000000e+00,2.000000000000000111e-01,7.931789824561189306e+00
1.752000000000000171e+02,9.636404080988534293e-01,1.000000000000000000e+00,5.000000000000000000e+00,2.000000000000000111e-01,3.488356426961946255e+00
1.754000000000000057e+02,9.973312313329897316e-01,1.000000000000000000e+00,5.000000000000000000e+00,2.000000000000000111e-01,6.231748465471405041e+00
1.756000000000000227e+02,1.057290396659638532e+00,1.000000000000000000e+00,5.000000000000000000e+00,2.000000000000000111e-01,2.497349077768678427e+00
1.758000000000000114e+02,8.501359690510386091e-01,1.000000000000000000e+00,5.000000000000000000e+00,2.000000000000000111e-01,-2.982028313692646648e+00
1.760000000000000000e+02,1.051036815366085841e+00,1.000000000000000000e+00,5.000000000000000000e+00,2.000000000000000111e-01,-8.789610991819207797e+00
1.762000000000000171e+02,1.129904427506309261e+00,1.000000000000000000e+00,5.000000000000000000e+00,2.000000000000000111e-01,-7.054387334260328046e+00
1.764000000000000057e+02,7.473653134146939214e-01,9.000000000000000222e-01,5.000000000000000000e+00,2.000000000000000111e-01,9.784242138921158016e+00
1.766000000000000227e+02,7.392214786323785258e-01,9.000000000000000222e-01,5.000000000000000000e+00,2.000000000000000111e-01,-1.553392975871972226e+00
1.768000000000000114e+02,8.759694691915786979e-01,9.000000000000000222e-01,5.000000000000000000e+00,2.000000000000000111e-01,-2.539078826096236696e+00
1.770000000000000000e+02,9.834653264928741034e-01,9.000000000000000222e-01,5.000000000000000000e+00,2.000000000000000111e-01,-5.667946459783590463e+00
1.772000000000000171e+02,7.739728977305525559e-01,9.000000000000000222e-01,5.000000000000000000e+00,2.000000000000000111e-01,-4.500230788063095844e+00
1.774000000000000057e+02,9.063051488955815582e-01,9.000000000000000222e-01,5.000000000000000000e+00,2.000000000000000111e-01,2.860411327441827467e+00
1.776000000000000227e+02,9.843354553884253733e-01,9.000000000000000222e-01,5.000000000000000000e+00,2.000000000000000111e-01,6.115731676108559611e+00
1.778000000000000114e+02,8.829370230405293452e-01,9.000000000000000222e-01,5.000000000000000000e+00,2.000000000000000111e-01,2.889744736808010472e+00
1.780000000000000000e+02,8.940079993062967079e-01,9.000000000000000222e-01,5.000000000000000000e+00,2.000000000000000111e-01,-5.519010207356471298e+00
1.782000000000000171e+02,9.331418185114684904e-01,9.000000000000000222e-01,5.000000000000000000e+00,2.000000000000000111e-01,4.181603671780823817e+00
1.784000000000000057e+02,9.008416714400860892e-01,9.000000000000000222e-01,5.000000000000000000e+00,2.000000000000000111e-01,-2.625663600244969587e-01
1.786000000000000227e+02,1.128097242992687654e+00,9.000000000000000222e-01,5.000000000000000000e+00,2.000000000000000111e-01,-4.375040790552344738e+00
1.788000000000000114e+02,1.088981082374422371e+00,9.000000000000000222e-01,5.000000000000000000e+00,2.000000000000000111e-01,-4.646135850254524691e+00
1.790000000000000000e+02,8.762202483577559153e-01,9.000000000000000222e-01,5.000000000000000000e+00,2.000000000000000111e-01,2.126815020818309421e+00
1.792000000000000171e+02,9.387855597725726087e-01,9.000000000000000222e-01,5.000000000000000000e+00,2.000000000000000111e-01,-8.032576570444831532e+00
1.794000000000000057e+02,9.768504335647605341e-01,9.000000000000000222e-01,5.000000000000000000e+00,2.000000000000000111e-01,8.064358248561408260e+00
1.796000000000000227e+02,8.550644681253367629e-01,9.000000000000000222e-01,5.000000000000000000e+00,2.000000000000000111e-01,4.596289912161848790e+00
1.798000000000000114e+02,8.530836869817827184e-01,9.000000000000000222e-01,5.000000000000000000e+00,2.000000000000000111e-01,-7.996188553421745837e-02
1.800000000000000000e+02,7.809714360750755757e-01,9.000000000000000222e-01,5.000000000000000000e+00,2.000000000000000111e-01,-8.296423030346957717e-01
1.802000000000000171e+02,1.023448779878295412e+00,9.000000000000000222e-01,5.000000000000000000e+00,2.000000000000000111e-01,-4.723645373764775002e+00
1.804000000000000057e+02,9.852096448342395618e-01,9.000000000000000222e-01,5.000000000000000000e+00,2.000000000000000111e-01,-4.118945099333990001e+00
1.806000000000000227e+02,9.329189471911167875e-01,9.000000000000000222e-01,5.000000000000000000e+00,2.000000000000000111e-01,-8.567101514414435570e+00
1.808000000000000114e+02,8.212987968521507920e-01,9.000000000000000222e-01,5.000000000000000000e+00,2.000000000000000111e-01,6.862520742276959851e+00
1.810000000000000000e+02,8.666376046228614349e-01,9.000000000000000222e-01,5.000000000000000000e+00,2.000000000000000111e-01,3.424573953089822709e+00
1.812000000000000171e+02,8.734319492423406883e-01,9.000000000000000222e-01,5.000000000000000000e+00,2.000000000000000111e-01,9.915739558052692360e+00
1.814000000000000057e+02,1.060969876259853839e+00,9.000000000000000222e-01,5.000000000000000000e+00,2.000000000000000111e-01,7.230800999630741188e+00
1.816000000000000227e+02,8.972056106031356393e-01,9.000000000000000222e-01,5.000000000000000000e+00,2.000000000000000111e-01,-5.661928700757179911e+00
1.818000000000000114e+02,8.247264873696863452e-01,9.000000000000000222e-01,5.000000000000000000e+00,2.000000000000000111e-01,6.797288003665364897e+00
1.820000000000000000e+02,8.831137239578994436e-01,9.000000000000000222e-01,5.000000000000000000e+00,2.000000000000000111e-01,-8.407754215236185047e+00
1.822000000000000171e+02,9.421005907448831707e-01,9.000000000000000222e-01,5.000000000000000000e+00,2.000000000000000111e-01,1.041999340903545956e+00
1.824000000000000057e+02,8.759719894351133407e-01,9.000000000000000222e-01,5.000000000000000000e+00,2.000000000000000111e-01,-8.859637284524339407e+00
1.826000000000000227e+02,8.431572788678211028e-01,9.000000000000000222e-01,5.000000000000000000e+00,2.000000000000000111e-01,-6.793879882101290235e+00
1.828000000000000114e+02,8.601764904987313498e-01,9.000000000000000222e-01,5.000000000000000000e+00,2.000000000000000111e-01,-9.478857488782772123e+00
1.830000000000000000e+02,8.427904800050214362e-01,9.000000000000000222e-01,5.000000000000000000e+00,2.000000000000000111e-01,-7.033998975566168710e+00
1.832000000000000171e+02,9.959760712104944735e-01,9.000000000000000222e-01,5.000000000000000000e+00,2.000000000000000111e-01,-9.361504903565773361e+00
1.834000000000000057e+02,8.724816337666967403e-01,9.000000000000000222e-01,5.000000000000000000e+00,2.000000000000000111e-01,5.490705232597060004e+00
1.836000000000000227e+02,7.497776673825516935e-01,9.000000000000000222e-01,5.000000000000000000e+00,2.000000000000000111e-01,5.596236141746173232e+00
1.838000000000000114e+02,8.561933390030104229e-01,9.000000000000000222e-01,5.000000000000000000e+00,2.000000000000000111e-01,3.781954602355884987e+00
1.840000000000000000e+02,8.103910315595272973e-01,9.000000000000000222e-01,5.000000000000000000e+00,2.000000000000000111e-01,-4.140062815737326929e+00
1.842000000000000171e+02,7.545470724025797882e-01,9.000000000000000222e-01,5.000000000000000000e+00,2.000000000000000111e-01,-8.012205919577887414e+00
1.844000000000000057e+02,1.043851171318388005e+00,9.000000000000000222e-01,5.000000000000000000e+00,2.000000000000000111e-01,-1.938316723116770390e+00
1.846000000000000227e+02,1.062820921404354024e+00,9.000000000000000222e-01,5.000000000000000000e+00,2.000000000000000111e-01,1.788006087026989377e+00
1.848000000000000114e+02,8.577449604354685508e-01,9.000000000000000222e-01,5.000000000000000000e+00,2.000000000000000111e-01,-8.662429653929894613e+00
1.850000000000000000e+02,9.064461591290419173e-01,9.000000000000000222e-01,5.000000000000000000e+00,2.000000000000000111e-01,-4.991633715205447963e+00
1.852000000000000171e+02,8.565976637795373883e-01,9.000000000000000222e-01,5.000000000000000000e+00,2.000000000000000111e-01,5.079231499285477014e+00
1.854000000000000057e+02,8.347548999164766670e-01,9.000000000000000222e-01,5.000000000000000000e+00,2.000000000000000111e-01,-9.940361521067229589e+00
1.856000000000000227e+02,9.198715108656025929e-01,9.000000000000000222e-01,5.000000000000000000e+00,2.000000000000000111e-01,-4.892134839174486771e+00
1.858000000000000114e+02,1.040050057477657219e+00,9.000000000000000222e-01,5.000000000000000000e+00,2.000000000000000111e-01,-2.427998639765776012e+00
1.860000000000000000e+02,7.631018938065817769e-01,9.000000000000000222e-01,5.000000000000000000e+00,2.000000000000000111e-01,-1.576294359178900706e+00
1.862000000000000171e+02,1.027098881004478326e+00,9.000000000000000222e-01,5.000000000000000000e+00,2.000000000000000111e-01,-4.666773587631172227e+00
1.864000000000000057e+02,9.099688148304381219e-01,9.000000000000000222e-01,5.000000000000000000e+00,2.000000000000000111e-01,-2.217280194160555773e+00
1.866000000000000227e+02,9.159121381761634595e-01,9.000000000000000222e-01,5.000000000000000000e+00,2.000000000000000111e-01,2.140392394131158227e+00
1.868000000000000114e+02,1.054676589970083400e+00,1.100000000000000089e+00,5.000000000000000000e+00,2.000000000000000111e-01,7.773487532005560752e-01
1.870000000000000000e+02,1.082546713627882351e+00,1.100000000000000089e+00,5.000000000000000000e+00,2.000000000000000111e-01,3.793043762337315883e-01
1.872000000000000171e+02,1.176879763496517572e+00,1.100000000000000089e+00,5.000000000000000000e+00,2.000000000000000111e-01,8.126467156313662343e+00
1.874000000000000057e+02,1.073792925433004530e+00,1.100000000000000089e+00,5.000000000000000000e+00,2.000000000000000111e-01,5.868229572427821950e+00
1.876000000000000227e+02,1.122613811580045029e+00,1.100000000000000089e+00,5.000000000000000000e+00,2.000000000000000111e-01,3.836081926415825905e+00
1.878000000000000114e+02,1.072813945582539175e+00,1.100000000000000089e+00,5.000000000000000000e+00,2.000000000000000111e-01,-1.564861144416489935e+00
1.880000000000000000e+02,1.177535017230951997e+00,1.100000000000000089e+00,5.000000000000000000e+00,2.000000000000000111e-01,-1.864777495456062084e+00
1.882000000000000171e+02,9.700452186505054142e-01,1.100000000000000089e+00,5.000000000000000000e+00,2.000000000000000111e-01,8.094280769369909478e+00
1.884000000000000057e+02,1.083804145934311070e+00,1.100000000000000089e+00,5.000000000000000000e+00,2.000000000000000111e-01,1.774389088614325871e+00
1.886000000000000227e+02,1.088650708161787994e+00,1.100000000000000089e+00,5.000000000000000000e+00,2.000000000000000111e-01,-4.819447438103101611e+00
1.888000000000000114e+02,1.062529672471670183e+00,1.100000000000000089e+00,5.000000000000000000e+00,2.000000000000000111e-01,-7.216473839104953214e+00
1.890000000000000000e+02,1.259896325644362935e+00,1.100000000000000089e+00,5.000000000000000000e+00,2.000000000000000111e-01,6.782348895360907903e+00
1.892000000000000171e+02,9.943165318448801138e-01,1.100000000000000089e+00,5.000000000000000000e+00,2.000000000000000111e-01,-6.518458090326149090e+00
1.894000000000000057e+02,1.184118073649393699e+00,1.100000000000000089e+00,5.000000000000000000e+00,2.000000000000000111e-01,-1.768899884684740798e+00
1.896000000000000227e+02,1.136067583366152656e+00,1.100000000000000089e+00,5.000000000000000000e+00,2.000000000000000111e-01,3.121830192886569932e+00
1.898000000000000114e+02,1.068328823200645816e+00,1.100000000000000089e+00,5.000000000000000000e+00,2.000000000000000111e-01,-1.253067221468509018e+00
1.900000000000000000e+02,1.166764458906585977e+00,1.100000000000000089e+00,5.000000000000000000e+00,2.000000000000000111e-01,6.753337357183585965e+00
1.902000000000000171e+02,1.044913516574935475e+00,1.100000000000000089e+00,5.000000000000000000e+00,2.000000000000000111e-01,1.233986056225047534e+00
1.904000000000000057e+02,1.111871391807432552e+00,1.100000000000000089e+00,5.000000000000000000e+00,2.000000000000000111e-01,-1.082083228862240176e+00
1.906000000000000227e+02,1.092266149949486564e+00,1.100000000000000089e+00,5.000000000000000000e+00,2.000000000000000111e-01,4.829554566383453817e-01
1.908000000000000114e+02,1.192053030147995019e+00,1.100000000000000089e+00,5.000000000000000000e+00,2.000000000000000111e-01,-8.603559313379916418e+00
1.910000000000000000e+02,1.056173265103562908e+00,1.100000000000000089e+00,5.000000000000000000e+00,2.000000000000000111e-01,-2.933928497423128334e+00
1.912000000000000171e+02,1.093301504686406966e+00,1.100000000000000089e+00,5.000000000000000000e+00,2.000000000000000111e-01,1.755273994479866317e+00
1.914000000000000057e+02,9.762570987924610311e-01,1.100000000000000089e+00,5.000000000000000000e+00,2.000000000000000111e-01,9.141823825593561992e+00
1.916000000000000227e+02,1.116519076510060104e+00,1.100000000000000089e+00,5.000000000000000000e+00,2.000000000000000111e-01,3.503567358654819941e+00
1.918000000000000114e+02,1.053741334909063410e+00,1.100000000000000089e+00,5.000000000000000000e+00,2.000000000000000111e-01,1.345302392013429937e-01
1.920000000000000000e+02,1.140081441763655112e+00,1.100000000000000089e+00,5.000000000000000000e+00,2.000000000000000111e-01,8.847248498469820532e+00
1.922000000000000171e+02,1.172437494543040692e+00,1.100000000000000089e+00,5.000000000000000000e+00,2.000000000000000111e-01,-1.889656802644790190e-01
1.924000000000000057e+02,9.053540030059031851e-01,1.100000000000000089e+00,5.000000000000000000e+00,2.000000000000000111e-01,-5.189926299602301007e+00
1.926000000000000227e+02,1.158868407887277296e+00,1.100000000000000089e+00,5.000000000000000000e+00,2.000000000000000111e-01,6.304335388183464062e-01
1.928000000000000114e+02,1.010064498099467745e+00,1.100000000000000089e+00,5.000000000000000000e+00,2.000000000000000111e-01,9.248642912720804077e+00
1.930000000000000000e+02,1.062391465186682371e+00,1.100000000000000089e+00,5.000000000000000000e+00,2.000000000000000111e-01,8.965667681118148380e+00
1.932000000000000171e+02,1.080545192499876572e+00,1.100000000000000089e+00,5.000000000000000000e+00,2.000000000000000111e-01,-7.366038303581756708e-01
1.934000000000000057e+02,1.180509325625411332e+00,1.100000000000000089e+00,5.000000000000000000e+00,2.000000000000000111e-01,9.972545485829378720e+00
1.936000000000000227e+02,1.028773704118645105e+00,1.100000000000000089e+00,5.000000000000000000e+00,2.000000000000000111e-01,-8.088804033420029072e+00
1.938000000000000114e+02,9.578420548432852177e-01,1.100000000000000089e+00,5.000000000000000000e+00,2.000000000000000111e-01,-6.375355052023325975e+00
1.940000000000000000e+02,1.228115269847038560e+00,1.100000000000000089e+00,5.000000000000000000e+00,2.000000000000000111e-01,-6.647883709126503504e+00
1.942000000000000171e+02,1.223462814022442169e+00,1.100000000000000089e+00,5.000000000000000000e+00,2.000000000000000111e-01,9.676122699777536695e+00
1.944000000000000057e+02,1.168119786015839656e+00,1.100000000000000089e+00,5.000000000000000000e+00,2.000000000000000111e-01,5.439634256942543544e+00
1.946000000000000227e+02,1.100092820281498129e+00,1.100000000000000089e+00,5.000000000000000000e+00,2.000000000000000111e-01,3.030731776655359866e+00
1.948000000000000114e+02,1.145854601709066278e+00,1.100000000000000089e+00,5.000000000000000000e+00,2.000000000000000111e-01,6.144153279772535114e+00
1.950000000000000000e+02,1.137855725949626917e+00,1.100000000000000089e+00,5.000000000000000000e+00,2.000000000000000111e-01,7.379578892724751427e+00
1.952000000000000171e+02,1.131819705063293879e+00,1.100000000000000089e+00,5.000000000000000000e+00,2.000000000000000111e-01,-7.863902533365862979e-01
1.954000000000000057e+02,8.569731535065787664e-01,9.000000000000000222e-01,5.000000000000000000e+00,2.000000000000000111e-01,-5.249591828773438884e+00
1.956000000000000227e+02,8.452673995437610666e-01,9.000000000000000222e-01,5.000000000000000000e+00,2.000000000000000111e-01,-3.318040430149496345e+00
1.958000000000000114e+02,8.253882564893395557e-01,9.000000000000000222e-01,5.000000000000000000e+00,2.000000000000000111e-01,9.023046772831452955e+00
1.960000000000000000e+02,8.225640846407815676e-01,9.000000000000000222e-01,5.000000000000000000e+00,2.000000000000000111e-01,5.865145748695908878e+00
1.962000000000000171e+02,7.786481942537253342e-01,9.000000000000000222e-01,5.000000000000000000e+00,2.000000000000000111e-01,9.191360230178450053e+00
1.964000000000000057e+02,8.762265806532534285e-01,9.000000000000000222e-01,5.000000000000000000e+00,2.000000000000000111e-01,6.062603048905419456e-01
1.966000000000000227e+02,8.353457752291879590e-01,9.000000000000000222e-01,5.000000000000000000e+00,2.000000000000000111e-01,-8.922080481367943960e+00
1.968000000000000114e+02,8.590062597802132771e-01,9.000000000000000222e-01,5.000000000000000000e+00,2.000000000000000111e-01,1.634366566284304767e+00
1.970000000000000000e+02,8.656803722805151979e-01,9.000000000000000222e-01,5.000000000000000000e+00,2.000000000000000111e-01,3.303563423370974306e-01
1.972000000000000171e+02,1.032711584821669248e+00,1.000000000000000000e+00,5.000000000000000000e+00,2.000000000000000111e-01,2.851756121437492908e+00
1.974000000000000057e+02,1.139055844252617744e+00,1.000000000000000000e+00,5.000000000000000000e+00,2.000000000000000111e-01,-7.265572888073075219e+00
1.976000000000000227e+02,8.332213925908779073e-01,1.000000000000000000e+00,5.000000000000000000e+00,2.000000000000000111e-01,5.156726931380719137e+00
1.978000000000000114e+02,9.525486520053785267e-01,1.000000000000000000e+00,5.000000000000000000e+00,2.000000000000000111e-01,3.471873860170976656e+00
1.980000000000000000e+02,1.115174394913234446e+00,1.000000000000000000e+00,5.000000000000000000e+00,2.000000000000000111e-01,4.765712957057441912e+00
1.982000000000000171e+02,1.118607448772063195e+00,1.000000000000000000e+00,5.000000000000000000e+00,2.000000000000000111e-01,1.370627251372567912e+00
1.984000000000000057e+02,9.061348604799253081e-01,1.000000000000000000e+00,5.000000000000000000e+00,2.000000000000000111e-01,4.490961639549693629e+00
1.986000000000000227e+02,1.046399726076133962e+00,1.000000000000000000e+00,5.000000000000000000e+00,2.000000000000000111e-01,5.839056329184861838e+00
1.988000000000000114e+02,8.757428153803349380e-01,1.000000000000000000e+00,5.000000000000000000e+00,2.000000000000000111e-01,-4.027511858248336019e+00
1.990000000000000000e+02,1.014518872069501976e+00,1.000000000000000000e+00,5.000000000000000000e+00,2.000000000000000111e-01,-3.725029288885338019e+00
1.992000000000000171e+02,1.158525447319239010e+00,1.000000000000000000e+00,5.000000000000000000e+00,2.000000000000000111e-01,-3.144947641669181948e+00
1.994000000000000057e+02,1.020119006807682860e+00,1.000000000000000000e+00,5.000000000000000000e+00,2.000000000000000111e-01,-5.450805665272704381e+00
1.996000000000000227e+02,1.027596138992683317e+00,1.000000000000000000e+00,5.000000000000000000e+00,2.000000000000000111e-01,-3.355606371130197552e+00
1.998000000000000114e+02,9.935797805976011032e-01,1.000000000000000000e+00,5.000000000000000000e+00,2.000000000000000111e-01,3.704140845602843513e-01
2.000000000000000000e+02,9.549097153220105216e-01,1.000000000000000000e+00,5.000000000000000000e+00,2.000000000000000111e-01,-1.635630572111658410e+00
2.002000000000000171e+02,8.553554459284166134e-01,1.000000000000000000e+00,5.000000000000000000e+00,2.000000000000000111e-01,-6.996879954588566264e+00
2.004000000000000057e+02,6.853517929658032859e-01,1.000000000000000000e+00,5.000000000000000000e+00,2.000000000000000111e-01,5.283256254035515909e+00
2.006000000000000227e+02,1.028327342734702610e+00,1.000000000000000000e+00,5.000000000000000000e+00,2.000000000000000111e-01,5.952806034897644594e+00
2.008000000000000114e+02,1.017405490222996089e+00,1.000000000000000000e+00,5.000000000000000000e+00,2.000000000000000111e-01,-5.814629495644545898e+00
2.010000000000000000e+02,9.748853492561886380e-01,1.000000000000000000e+00,5.000000000000000000e+00,2.000000000000000111e-01,7.706490276181710897e+00
2.012000000000000171e+02,1.025739166115290812e+00,1.000000000000000000e+00,5.000000000000000000e+00,2.000000000000000111e-01,5.744241989981343721e+00
2.014000000000000057e+02,9.171429190020047306e-01,1.000000000000000000e+00,5.000000000000000000e+00,2.000000000000000111e-01,-9.795808453035892427e-01
2.016000000000000227e+02,1.058115856727256832e+00,1.000000000000000000e+00,5.000000000000000000e+00,2.000000000000000111e-01,-2.309483955432414248e+00
2.018000000000000114e+02,8.793608806748693940e-01,1.000000000000000000e+00,5.000000000000000000e+00,2.000000000000000111e-01,-3.519979244905197646e+00
2.020000000000000000e+02,1.076279189975710482e+00,1.000000000000000000e+00,5.000000000000000000e+00,2.000000000000000111e-01,-6.515208146577329273e+00
2.022000000000000171e+02,8.750844423426318297e-01,1.000000000000000000e+00,5.000000000000000000e+00,2.000000000000000111e-01,1.292547500623044243e+00
2.024000000000000057e+02,1.060205779758534916e+00,1.000000000000000000e+00,5.000000000000000000e+00,2.000000000000000111e-01,-8.560699141366931997e+00
2.026000000000000227e+02,9.752513606985915295e-01,1.000000000000000000e+00,5.000000000000000000e+00,2.000000000000000111e-01,-7.799916259402204233e+00
2.028000000000000114e+02,1.054991061927903262e+00,1.000000000000000000e+00,5.000000000000000000e+00,2.000000000000000111e-01,5.597102384230696615e+00
2.030000000000000000e+02,1.024958603089988429e+00,1.000000000000000000e+00,5.000000000000000000e+00,2.000000000000000111e-01,7.888523512009154359e+00
2.032000000000000171e+02,1.077485154875390094e+00,1.000000000000000000e+00,5.000000000000000000e+00,2.000000000000000111e-01,-8.910082589634029659e+00
2.034000000000000057e+02,8.596873829135763811e-01,1.000000000000000000e+00,5.000000000000000000e+00,2.000000000000000111e-01,2.853445904428831170e+00
2.036000000000000227e+02,9.028490544142844243e-01,1.000000000000000000e+00,5.000000000000000000e+00,2.000000000000000111e-01,-6.109116777075280780e+00
2.038000000000000114e+02,1.101444794181095643e+00,1.000000000000000000e+00,5.000000000000000000e+00,2.000000000000000111e-01,6.422251462684080536e+00
2.040000000000000000e+02,8.415611450657169978e-01,1.000000000000000000e+00,5.000000000000000000e+00,2.000000000000000111e-01,-6.107123109444669851e+00
2.042000000000000171e+02,1.061403608435687929e+00,1.000000000000000000e+00,5.000000000000000000e+00,2.000000000000000111e-01,-5.720683048788965941e+00
2.044000000000000057e+02,1.092887532014340524e+00,1.000000000000000000e+00,5.000000000000000000e+00,2.000000000000000111e-01,-3.344080542167620074e+00
2.046000000000000227e+02,8.918308960580926259e-01,1.000000000000000000e+00,5.000000000000000000e+00,2.000000000000000111e-01,-9.897703227185255415e+00
2.048000000000000114e+02,9.438797140791750362e-01,1.000000000000000000e+00,5.000000000000000000e+00,2.000000000000000111e-01,7.220134237675356559e+00
2.050000000000000000e+02,9.781585569254560575e-01,1.000000000000000000e+00,5.000000000000000000e+00,2.000000000000000111e-01,6.792707574254588820e+00
2.052000000000000171e+02,9.714867828920911164e-01,1.000000000000000000e+00,5.000000000000000000e+00,2.000000000000000111e-01,-9.693506017988191559e+00
2.054000000000000057e+02,1.030891006436205348e+00,1.000000000000000000e+00,5.000000000000000000e+00,2.000000000000000111e-01,-5.355218614464205551e+00
2.056000000000000227e+02,9.938598311360541393e-01,1.000000000000000000e+00,5.000000000000000000e+00,2.000000000000000111e-01,1.047365676252615785e+00
2.058000000000000114e+02,9.269289386539022457e-01,1.000000000000000000e+00,5.000000000000000000e+00,2.000000000000000111e-01,7.005944067596452385e-01
2.060000000000000000e+02,1.004784254008958211e+00,1.000000000000000000e+00,5.000000000000000000e+00,2.000000000000000111e-01,9.253768807057216605e+00
2.062000000000000171e+02,8.409281184738123249e-01,1.000000000000000000e+00,5.000000000000000000e+00,2.000000000000000111e-01,4.267325903582753099e+00
2.064000000000000057e+02,9.424039038791379719e-01,1.000000000000000000e+00,5.000000000000000000e+00,2.000000000000000111e-01,-9.674329944914020984e+00
2.066000000000000227e+02,1.033485853933520549e+00,1.000000000000000000e+00,5.000000000000000000e+00,2.000000000000000111e-01,-6.595751043209534537e+00
2.068000000000000114e+02,9.729116155304892155e-01,1.000000000000000000e+00,5.000000000000000000e+00,2.000000000000000111e-01,-4.058861748885864706e+00
2.070000000000000000e+02,1.281049603679364601e+00,1.000000000000000000e+00,5.000000000000000000e+00,2.000000000000000111e-01,-6.270588249691488869e-01
2.072000000000000171e+02,8.987484087506684149e-01,1.000000000000000000e+00,5.000000000000000000e+00,2.000000000000000111e-01,2.470860422415215751e+00
2.074000000000000057e+02,8.170816012207093859e-01,1.000000000000000000e+00,5.000000000000000000e+00,2.000000000000000111e-01,2.652814801358820418e+00
2.076000000000000227e+02,9.584345698684135773e-01,1.000000000000000000e+00,5.000000000000000000e+00,2.000000000000000111e-01,1.804011744571397458e+00
2.078000000000000114e+02,1.026540920233034004e+00,1.000000000000000000e+00,5.000000000000000000e+00,2.000000000000000111e-01,4.701610861649649920e+00
2.080000000000000000e+02,9.917908513197882803e-01,1.000000000000000000e+00,5.000000000000000000e+00,2.000000000000000111e-01,3.804042698755658591e-01
2.082000000000000171e+02,1.120352290432358178e+00,1.000000000000000000e+00,5.000000000000000000e+00,2.000000000000000111e-01,2.471594577767904255e+00
2.084000000000000057e+02,1.015473513597769273e+00,1.000000000000000000e+00,5.000000000000000000e+00,2.000000000000000111e-01,-9.140300130566449965e+00
2.086000000000000227e+02,1.153705566548556272e+00,1.000000000000000000e+00,5.000000000000000000e+00,2.000000000000000111e-01,3.491996520214062372e-01
2.088000000000000114e+02,1.011284561577971752e+00,1.000000000000000000e+00,5.000000000000000000e+00,2.000000000000000111e-01,-2.557014564769151121e-01
2.090000000000000000e+02,1.006322737939768119e+00,1.000000000000000000e+00,5.000000000000000000e+00,2.000000000000000111e-01,8.156402008689290994e+00
2.092000000000000171e+02,9.604731449252120745e-01,1.000000000000000000e+00,5.000000000000000000e+00,2.000000000000000111e-01,5.099286010530295954e+00
2.094000000000000057e+02,1.017506119002292486e+00,1.000000000000000000e+00,5.000000000000000000e+00,2.000000000000000111e-01,2.924638238588563866e-01
2.096000000000000227e+02,8.934652678984158491e-01,1.000000000000000000e+00,5.000000000000000000e+00,2.000000000000000111e-01,-3.662923978246594992e+00
2.098000000000000114e+02,1.091762439820165520e+00,1.000000000000000000e+00,5.000000000000000000e+00,2.000000000000000111e-01,-3.525810923893599735e+00
2.100000000000000000e+02,1.058991418276929108e+00,1.000000000000000000e+00,5.000000000000000000e+00,2.000000000000000111e-01,2.532336407796808686e+00
2.102000000000000171e+02,9.808498705030500586e-01,1.000000000000000000e+00,5.000000000000000000e+00,2.000000000000000111e-01,8.014069883467684008e+00
2.104000000000000057e+02,9.006056170387145565e-01,1.000000000000000000e+00,5.000000000000000000e+00,2.000000000000000111e-01,9.050047550340817537e+00
2.106000000000000227e+02,1.106477629502898630e+00,1.000000000000000000e+00,5.000000000000000000e+00,2.000000000000000111e-01,9.083065554687863141e+00
2.108000000000000114e+02,1.082322841119585544e+00,1.000000000000000000e+00,5.000000000000000000e+00,2.000000000000000111e-01,9.632941203028330790e+00
2.110000000000000000e+02,1.062455857832967476e+00,1.000000000000000000e+00,5.000000000000000000e+00,2.000000000000000111e-01,-9.812158781078476721e+00
2.112000000000000171e+02,1.035219488261795773e+00,1.000000000000000000e+00,5.000000000000000000e+00,2.000000000000000111e-01,6.942390697388770349e+00
2.114000000000000057e+02,1.094710898877228944e+00,1.000000000000000000e+00,5.000000000000000000e+00,2.000000000000000111e-01,-4.923788479763415715e+00
2.116000000000000227e+02,9.882733805800166804e-01,1.000000000000000000e+00,5.000000000000000000e+00,2.000000000000000111e-01,1.555375288091491726e+00
2.118000000000000114e+02,9.762846357393428764e-01,1.000000000000000000e+00,5.000000000000000000e+00,2.000000000000000111e-01,-7.181882603480211458e+00
2.120000000000000000e+02,9.966771159467934238e-01,1.000000000000000000e+00,5.000000000000000000e+00,2.000000000000000111e-01,5.189886462751182705e+00
2.122000000000000171e+02,1.027891484354902296e+00,1.000000000000000000e+00,5.000000000000000000e+00,2.000000000000000111e-01,3.139892035306260709e+00
2.124000000000000057e+02,1.081295668504507201e+00,1.000000000000000000e+00,5.000000000000000000e+00,2.000000000000000111e-01,8.721814324092491688e-02
2.126000000000000227e+02,1.015490558028501189e+00,1.000000000000000000e+00,5.000000000000000000e+00,2.000000000000000111e-01,7.162521819747261986e+00
2.128000000000000114e+02,9.300077125992968208e-01,1.000000000000000000e+00,5.000000000000000000e+00,2.000000000000000111e-01,-2.876897206852795819e+00
2.130000000000000000e+02,6.996419153063515584e-01,1.000000000000000000e+00,5.000000000000000000e+00,2.000000000000000111e-01,-9.778418632949833267e+00
2.132000000000000171e+02,9.958507970202206128e-01,1.100000000000000089e+00,5.000000000000000000e+00,2.000000000000000111e-01,8.427309729534286475e+00
2.134000000000000057e+02,1.153096008956544516e+00,1.100000000000000089e+00,5.000000000000000000e+00,2.000000000000000111e-01,-7.638184443551450542e+00
2.136000000000000227e+02,1.035040777851512495e+00,1.100000000000000089e+00,5.000000000000000000e+00,2.000000000000000111e-01,7.612629758271403091e+00
2.138000000000000114e+02,1.069115123912603327e+00,1.100000000000000089e+00,5.000000000000000000e+00,2.000000000000000111e-01,-9.019548064295790368e-02
2.140000000000000000e+02,1.112925023807508351e+00,1.100000000000000089e+00,5.000000000000000000e+00,2.000000000000000111e-01,3.250892001642814222e+00
2.142000000000000171e+02,1.031831984627551657e+00,1.100000000000000089e+00,5.000000000000000000e+00,2.000000000000000111e-01,9.345186066028436045e+00
2.144000000000000057e+02,1.159564826091053158e+00,1.100000000000000089e+00,5.000000000000000000e+00,2.000000000000000111e-01,5.956278200623170704e-01
2.146000000000000227e+02,1.082256031695413956e+00,1.100000000000000089e+00,5.000000000000000000e+00,2.000000000000000111e-01,-2.329498881180304792e+00
2.148000000000000114e+02,1.213065249418502800e+00,1.100000000000000089e+00,5.000000000000000000e+00,2.000000000000000111e-01,8.741972860482235319e+00
2.150000000000000000e+02,1.163482654886832224e+00,1.100000000000000089e+00,5.000000000000000000e+00,2.000000000000000111e-01,1.175669385952799573e+00
2.152000000000000171e+02,1.087785090944210831e+00,1.100000000000000089e+00,5.000000000000000000e+00,2.000000000000000111e-01,-5.811588582869282149e+00
2.154000000000000057e+02,1.176628002575084597e+00,1.100000000000000089e+00,5.000000000000000000e+00,2.000000000000000111e-01,-7.132887551769604428e+00
2.156000000000000227e+02,9.437276455334533409e-01,1.100000000000000089e+00,5.000000000000000000e+00,2.000000000000000111e-01,-9.062215876915482582e+00
2.158000000000000114e+02,1.096317246661677736e+00,1.100000000000000089e+00,5.000000000000000000e+00,2.000000000000000111e-01,-5.742299787548224010e+00
2.160000000000000000e+02,9.572404903834796919e-01,1.100000000000000089e+00,5.000000000000000000e+00,2.000000000000000111e-01,3.855265519393924478e+00
2.162000000000000171e+02,1.055080259511083751e+00,1.100000000000000089e+00,5.000000000000000000e+00,2.000000000000000111e-01,4.497595023621141053e+00
2.164000000000000057e+02,1.162828083885969033e+00,1.100000000000000089e+00,5.000000000000000000e+00,2.000000000000000111e-01,-1.848193992909656913e+00
2.166000000000000227e+02,1.113189480601114445e+00,1.100000000000000089e+00,5.000000000000000000e+00,2.000000000000000111e-01,4.290712340262935243e+00
2.168000000000000114e+02,1.068664592796094270e+00,1.100000000000000089e+00,5.000000000000000000e+00,2.000000000000000111e-01,8.066755821920516212e+00
2.170000000000000000e+02,1.088705398547555880e+00,1.100000000000000089e+00,5.000000000000000000e+00,2.000000000000000111e-01,-8.466221466268031293e-02
2.172000000000000171e+02,1.089327560663410299e+00,1.100000000000000089e+00,5.000000000000000000e+00,2.000000000000000111e-01,1.949606273460060990e+00
2.174000000000000057e+02,9.725611848168707052e-01,1.100000000000000089e+00,5.000000000000000000e+00,2.000000000000000111e-01,-4.360681842239612749e+00
2.176000000000000227e+02,1.092505394717418810e+00,1.100000000000000089e+00,5.000000000000000000e+00,2.000000000000000111e-01,-4.495110110440430518e+00
2.178000000000000114e+02,9.980613972190897076e-01,1.100000000000000089e+00,5.000000000000000000e+00,2.000000000000000111e-01,-9.927628748114823765e+00
2.180000000000000000e+02,1.064960058802516318e+00,1.100000000000000089e+00,5.000000000000000000e+00,2.000000000000000111e-01,9.480486551041593657e-01
2.182000000000000171e+02,1.090183581907444799e+00,1.100000000000000089e+00,5.000000000000000000e+00,2.000000000000000111e-01,-3.068997885817264404e+00
2.184000000000000057e+02,1.006480789191315894e+00,1.100000000000000089e+00,5.000000000000000000e+00,2.000000000000000111e-01,6.860845310770926631e-01
2.186000000000000227e+02,9.377102397604696327e-01,1.100000000000000089e+00,5.000000000000000000e+00,2.000000000000000111e-01,-9.571641812309421127e+00
2.188000000000000114e+02,1.124726397836587566e+00,1.100000000000000089e+00,5.000000000000000000e+00,2.000000000000000111e-01,9.887782585797243229e+00
2.190000000000000000e+02,9.700547170899612714e-01,1.100000000000000089e+00,5.000000000000000000e+00,2.000000000000000111e-01,-1.308044724532690495e+00
2.192000000000000171e+02,1.122415210113021811e+00,1.100000000000000089e+00,5.000000000000000000e+00,2.000000000000000111e-01,5.582510823691389845e+00
2.194000000000000057e+02,1.187633107117720410e+00,1.100000000000000089e+00,5.000000000000000000e+00,2.000000000000000111e-01,-6.066047655564661412e+00
2.196000000000000227e+02,9.982611407231184453e-01,1.100000000000000089e+00,5.000000000000000000e+00,2.000000000000000111e-01,3.381652200120758067e+00
2.198000000000000114e+02,1.090927046853146454e+00,1.100000000000000089e+00,5.000000000000000000e+00,2.000000000000000111e-01,4.316386713803158415e+00
2.200000000000000000e+02,1.104225373481406924e+00,1.100000000000000089e+00,5.000000000000000000e+00,2.000000000000000111e-01,-8.769429993710183169e+00
2.202000000000000171e+02,1.124882544191867950e+00,1.100000000000000089e+00,5.000000000000000000e+00,2.000000000000000111e-01,1.791710864724979757e+00
2.204000000000000057e+02,1.031812462339929848e+00,1.100000000000000089e+00,5.000000000000000000e+00,2.000000000000000111e-01,8.184958560550896323e+00
2.206000000000000227e+02,1.097914903627649430e+00,1.100000000000000089e+00,5.000000000000000000e+00,2.000000000000000111e-01,3.446263263223778850e+00
2.208000000000000114e+02,9.787650450754853404e-01,1.100000000000000089e+00,5.000000000000000000e+00,2.000000000000000111e-01,-8.794705755025614025e+00
2.210000000000000000e+02,1.078088618476907401e+00,1.100000000000000089e+00,5.000000000000000000e+00,2.000000000000000111e-01,-6.941285237083938853e+00
2.212000000000000171e+02,1.115798026693311185e+00,1.100000000000000089e+00,5.000000000000000000e+00,2.000000000000000111e-01,-7.248514265489632180e+00
2.214000000000000057e+02,1.093417311378161338e+00,1.100000000000000089e+00,5.000000000000000000e+00,2.000000000000000111e-01,5.226131308120596231e+00
2.216000000000000227e+02,1.083618657643270478e+00,1.100000000000000089e+00,5.000000000000000000e+00,2.000000000000000111e-01,-3.034821436088459556e+00
2.218000000000000114e+02,1.159776414652714305e+00,1.100000000000000089e+00,5.000000000000000000e+00,2.000000000000000111e-01,-2.206845739927119077e+00
2.220000000000000000e+02,1.089250361075958073e+00,1.100000000000000089e+00,5.000000000000000000e+00,2.000000000000000111e-01,-2.041812685941188477e+00
2.222000000000000171e+02,9.954279490226498606e-01,1.100000000000000089e+00,5.000000000000000000e+00,2.000000000000000111e-01,-9.137708016183044180e+00
2.224000000000000057e+02,1.141432068936727884e+00,1.100000000000000089e+00,5.000000000000000000e+00,2.000000000000000111e-01,-7.036822712697539117e-01
2.226000000000000227e+02,1.129457214965872591e+00,1.100000000000000089e+00,5.000000000000000000e+00,2.000000000000000111e-01,-7.061660024020152804e+00
2.228000000000000114e+02,1.181247093952376481e+00,1.100000000000000089e+00,5.000000000000000000e+00,2.000000000000000111e-01,1.764984731883361135e+00
2.230000000000000000e+02,1.066525651395907159e+00,1.100000000000000089e+00,5.000000000000000000e+00,2.000000000000000111e-01,-1.541943659879951412e+00
2.232000000000000171e+02,8.973032645646599192e-01,1.100000000000000089e+00,5.000000000000000000e+00,2.000000000000000111e-01,-9.087459419464920529e+00
2.234000000000000057e+02,1.200715036774794742e+00,1.100000000000000089e+00,5.000000000000000000e+00,2.000000000000000111e-01,-6.374308801671777047e+00
2.236000000000000227e+02,1.066445751320654223e+00,1.100000000000000089e+00,5.000000000000000000e+00,2.000000000000000111e-01,-1.973648985952614510e+00
2.238000000000000114e+02,1.103604549166273596e+00,1.100000000000000089e+00,5.000000000000000000e+00,2.000000000000000111e-01,6.045207928233924832e+00
2.240000000000000000e+02,1.120485759370930534e+00,1.100000000000000089e+00,5.000000000000000000e+00,2.000000000000000111e-01,-9.073380486330592021e+00
2.242000000000000171e+02,1.136796969831666448e+00,1.100000000000000089e+00,5.000000000000000000e+00,2.000000000000000111e-01,-6.471265546530002410e+00
2.244000000000000057e+02,1.077374976868225476e+00,1.100000000000000089e+00,5.000000000000000000e+00,2.000000000000000111e-01,-3.290849681407223670e+00
2.246000000000000227e+02,1.158164296769693014e+00,1.100000000000000089e+00,5.000000000000000000e+00,2.000000000000000111e-01,2.282762614824294545e+00
2.248000000000000114e+02,1.169490048678448080e+00,1.100000000000000089e+00,5.000000000000000000e+00,2.000000000000000111e-01,5.668732065520172725e+00
2.250000000000000000e+02,1.025930213519177459e+00,1.100000000000000089e+00,5.000000000000000000e+00,2.000000000000000111e-01,-5.254495239545868834e+00
2.252000000000000171e+02,1.064884833972336464e+00,1.100000000000000089e+00,5.000000000000000000e+00,2.000000000000000111e-01,-1.611013770317963889e-01
2.254000000000000057e+02,9.200439957987258666e-01,1.100000000000000089e+00,5.000000000000000000e+00,2.000000000000000111e-01,5.566320918310445620e+00
2.256000000000000227e+02,1.109807655193718379e+00,1.100000000000000089e+00,5.000000000000000000e+00,2.000000000000000111e-01,3.388811604911303732e-01
2.258000000000000114e+02,9.626126648186001944e-01,1.100000000000000089e+00,5.000000000000000000e+00,2.000000000000000111e-01,9.457976158911122866e+00
2.260000000000000000e+02,1.086105994110715400e+00,1.100000000000000089e+00,5.000000000000000000e+00,2.000000000000000111e-01,8.340886773449273761e+00
2.262000000000000171e+02,1.115779582503110490e+00,1.100000000000000089e+00,5.000000000000000000e+00,2.000000000000000111e-01,1.974058703869388864e+00
2.264000000000000057e+02,9.129334508595942088e-01,1.100000000000000089e+00,5.000000000000000000e+00,2.000000000000000111e-01,5.537894944716732937e+00
2.266000000000000227e+02,1.185105909674649460e+00,1.100000000000000089e+00,5.000000000000000000e+00,2.000000000000000111e-01,8.112457841082143517e+00
2.268000000000000114e+02,1.110474674567860198e+00,1.100000000000000089e+00,5.000000000000000000e+00,2.000000000000000111e-01,2.283270946662838696e-01
2.270000000000000000e+02,1.202765213674298339e+00,1.100000000000000089e+00,5.000000000000000000e+00,2.000000000000000111e-01,-1.588668172602051953e+00
2.272000000000000171e+02,9.949526821005126864e-01,1.100000000000000089e+00,5.000000000000000000e+00,2.000000000000000111e-01,5.305074504671603464e+00
2.274000000000000057e+02,9.855810754655007777e-01,1.100000000000000089e+00,5.000000000000000000e+00,2.000000000000000111e-01,8.745419191757118682e+00
2.276000000000000227e+02,1.122268800608272832e+00,1.100000000000000089e+00,5.000000000000000000e+00,2.000000000000000111e-01,9.009287892657386720e+00
2.278000000000000114e+02,1.026535756157968882e+00,1.100000000000000089e+00,5.000000000000000000e+00,2.000000000000000111e-01,-6.201075278180034900e+00
2.280000000000000000e+02,1.206641835244677274e+00,1.100000000000000089e+00,5.000000000000000000e+00,2.000000000000000111e-01,9.632113423195892921e+00
2.282000000000000171e+02,1.043496909963919750e+00,1.100000000000000089e+00,5.000000000000000000e+00,2.000000000000000111e-01,3.773370942251384363e+00
2.284000000000000057e+02,1.060650356440269171e+00,1.100000000000000089e+00,5.000000000000000000e+00,2.000000000000000111e-01,-7.376797011480804578e+00
2.286000000000000227e+02,9.606004775722037925e-01,1.100000000000000089e+00,5.000000000000000000e+00,2.000000000000000111e-01,9.801457315272827486e+00
2.288000000000000114e+02,1.077697705551989182e+00,1.100000000000000089e+00,5.000000000000000000e+00,2.000000000000000111e-01,-3.007442232103230140e+00
2.290000000000000000e+02,1.102949074654109518e+00,1.100000000000000089e+00,5.000000000000000000e+00,2.000000000000000111e-01,1.167427814464744529e+00
2.292000000000000171e+02,1.072046216529678464e+00,1.100000000000000089e+00,5.000000000000000000e+00,2.000000000000000111e-01,-3.100741116857896884e-01
2.294000000000000057e+02,1.155681015918724519e+00,1.100000000000000089e+00,5.000000000000000000e+00,2.000000000000000111e-01,-3.260089377832589008e+00
2.296000000000000227e+02,1.044291368601609982e+00,1.100000000000000089e+00,5.000000000000000000e+00,2.000000000000000111e-01,3.970556672069003312e+00
2.298000000000000114e+02,1.082822220579852335e+00,1.100000000000000089e+00,5.000000000000000000e+00,2.000000000000000111e-01,6.479805535035062292e+00
2.300000000000000000e+02,1.217951409936498308e+00,1.100000000000000089e+00,5.000000000000000000e+00,2.000000000000000111e-01,5.406777789582790206e+00
2.302000000000000171e+02,1.024131530930544765e+00,1.000000000000000000e+00,5.000000000000000000e+00,2.000000000000000111e-01,6.617810161568087324e-01
2.304000000000000057e+02,9.417721089260753242e-01,1.000000000000000000e+00,5.000000000000000000e+00,2.000000000000000111e-01,2.769094834047379550e+00
2.306000000000000227e+02,9.360087569561548193e-01,1.000000000000000000e+00,5.000000000000000000e+00,2.000000000000000111e-01,7.984759799582448636e+00
2.308000000000000114e+02,1.030341157529077289e+00,1.000000000000000000e+00,5.000000000000000000e+00,2.000000000000000111e-01,6.567168740326341236e+00
2.310000000000000000e+02,9.615345170437339384e-01,9.000000000000000222e-01,5.000000000000000000e+00,2.000000000000000111e-01,-9.323136801118018013e+00
2.312000000000000171e+02,1.149670952964214177e+00,1.100000000000000089e+00,5.000000000000000000e+00,2.000000000000000111e-01,2.298863241124180945e+00
2.314000000000000057e+02,9.418373476357875251e-01,1.100000000000000089e+00,5.000000000000000000e+00,2.000000000000000111e-01,5.163508452216358791e-01
2.316000000000000227e+02,1.090869996389143060e+00,1.100000000000000089e+00,5.000000000000000000e+00,2.000000000000000111e-01,5.518617140169224555e+00
2.318000000000000114e+02,1.086127327161713563e+00,1.100000000000000089e+00,5.000000000000000000e+00,2.000000000000000111e-01,6.298478239238956888e+00
2.320000000000000000e+02,1.107142291723999694e+00,1.100000000000000089e+00,5.000000000000000000e+00,2.000000000000000111e-01,5.419038363705707795e+00
2.322000000000000171e+02,1.238811572872577260e+00,1.100000000000000089e+00,5.000000000000000000e+00,2.000000000000000111e-01,1.630110743150153141e+00
2.324000000000000057e+02,1.093775421977466911e+00,1.100000000000000089e+00,5.000000000000000000e+00,2.000000000000000111e-01,-5.219022347615531743e-01
2.326000000000000227e+02,1.158307728682616888e+00,1.100000000000000089e+00,5.000000000000000000e+00,2.000000000000000111e-01,6.758958211275789552e-01
2.328000000000000114e+02,1.034010813663744921e+00,1.100000000000000089e+00,5.000000000000000000e+00,2.000000000000000111e-01,4.231106007395906587e+00
2.330000000000000000e+02,1.162398423448103513e+00,1.100000000000000089e+00,5.000000000000000000e+00,2.000000000000000111e-01,-4.126416677123934562e+00
2.332000000000000171e+02,1.064657747593990678e+00,1.100000000000000089e+00,5.000000000000000000e+00,2.000000000000000111e-01,-6.093041773343648160e+00
2.334000000000000057e+02,1.040232130829459978e+00,1.100000000000000089e+00,5.000000000000000000e+00,2.000000000000000111e-01,3.214501441909012769e+00
2.336000000000000227e+02,1.233095614540666407e+00,1.100000000000000089e+00,5.000000000000000000e+00,2.000000000000000111e-01,-6.814897998232744669e+00
2.338000000000000114e+02,1.013964760910047058e+00,1.100000000000000089e+00,5.000000000000000000e+00,2.000000000000000111e-01,6.510793051851550217e+00
2.340000000000000000e+02,9.988181476344784038e-01,1.100000000000000089e+00,5.000000000000000000e+00,2.000000000000000111e-01,-5.601093616670440589e+00
2.342000000000000171e+02,9.937407079552202926e-01,1.100000000000000089e+00,5.000000000000000000e+00,2.000000000000000111e-01,7.097498567655495805e+00
2.344000000000000057e+02,1.144508154334515693e+00,1.100000000000000089e+00,5.000000000000000000e+00,2.000000000000000111e-01,9.069427379895419250e+00
2.346000000000000227e+02,1.183110836407952338e+00,1.100000000000000089e+00,5.000000000000000000e+00,2.000000000000000111e-01,-3.154542624371943660e+00
2.348000000000000114e+02,8.604927762938021640e-01,1.000000000000000000e+00,5.000000000000000000e+00,2.000000000000000111e-01,-8.271960018341879106e+00
2.350000000000000000e+02,7.833360675402761819e-01,1.000000000000000000e+00,5.000000000000000000e+00,2.000000000000000111e-01,6.674660559972117824e+00
2.352000000000000171e+02,8.466792526724412626e-01,1.000000000000000000e+00,5.000000000000000000e+00,2.000000000000000111e-01,7.134514443029686959e+00
2.354000000000000057e+02,9.368589534784679262e-01,1.000000000000000000e+00,5.000000000000000000e+00,2.000000000000000111e-01,-4.563519795044843619e+00
2.356000000000000227e+02,1.135328447972333121e+00,1.000000000000000000e+00,5.000000000000000000e+00,2.000000000000000111e-01,-9.973672893905224157e+00
2.358000000000000114e+02,1.075023626044199432e+00,1.000000000000000000e+00,5.000000000000000000e+00,2.000000000000000111e-01,-8.148571622344517706e+00
2.360000000000000000e+02,9.122562036071713010e-01,1.000000000000000000e+00,5.000000000000000000e+00,2.000000000000000111e-01,-8.097420224347821716e+00
2.362000000000000171e+02,9.560193777055270292e-01,1.000000000000000000e+00,5.000000000000000000e+00,2.000000000000000111e-01,3.238255103470715213e+00
2.364000000000000057e+02,9.107615805413500354e-01,1.000000000000000000e+00,5.000000000000000000e+00,2.000000000000000111e-01,-8.368194133182331740e+00
2.366000000000000227e+02,9.121854640350715027e-01,1.000000000000000000e+00,5.000000000000000000e+00,2.000000000000000111e-01,-1.657380587190491639e+00
2.368000000000000114e+02,9.733065856744831379e-01,1.000000000000000000e+00,5.000000000000000000e+00,2.000000000000000111e-01,2.905857519029080294e+00
2.370000000000000000e+02,9.685285720335414794e-01,1.000000000000000000e+00,5.000000000000000000e+00,2.000000000000000111e-01,1.143920589784352515e+00
2.372000000000000171e+02,1.072030859739745434e+00,1.000000000000000000e+00,5.000000000000000000e+00,2.000000000000000111e-01,9.871964131283455401e+00
2.374000000000000057e+02,1.012760140987716273e+00,1.000000000000000000e+00,5.000000000000000000e+00,2.000000000000000111e-01,7.772452477620518607e+00
2.376000000000000227e+02,1.007872127842590615e+00,1.000000000000000000e+00,5.000000000000000000e+00,2.000000000000000111e-01,-6.344570815599137603e+00
2.378000000000000114e+02,1.098912682466761437e+00,1.000000000000000000e+00,5.000000000000000000e+00,2.000000000000000111e-01,5.650762627916442682e+00
2.380000000000000000e+02,8.858676858164246104e-01,1.000000000000000000e+00,5.000000000000000000e+00,2.000000000000000111e-01,8.540857127994190279e-01
2.382000000000000171e+02,1.030468742043221697e+00,1.000000000000000000e+00,5.000000000000000000e+00,2.000000000000000111e-01,-8.447997518741255263e+00
2.384000000000000057e+02,9.767106682684846275e-01,1.000000000000000000e+00,5.000000000000000000e+00,2.000000000000000111e-01,-1.746413989804540989e+00
2.386000000000000227e+02,1.003034541782897637e+00,1.000000000000000000e+00,5.000000000000000000e+00,2.000000000000000111e-01,-9.222917897150075817e-01
2.388000000000000114e+02,9.401525293155212903e-01,1.000000000000000000e+00,5.000000000000000000e+00,2.000000000000000111e-01,7.570026003327235742e+00
2.390000000000000000e+02,1.055648939427145772e+00,1.000000000000000000e+00,5.000000000000000000e+00,2.000000000000000111e-01,-9.555630757042877121e+00
2.392000000000000171e+02,9.929574253792775584e-01,1.000000000000000000e+00,5.000000000000000000e+00,2.000000000000000111e-01,6.286108134992350216e+00
2.394000000000000057e+02,1.018632998471075801e+00,1.000000000000000000e+00,5.000000000000000000e+00,2.000000000000000111e-01,8.311201962638378404e+00
2.396000000000000227e+02,8.891949938974098577e-01,1.000000000000000000e+00,5.000000000000000000e+00,2.000000000000000111e-01,-3.781142835681706060e+00
2.398000000000000114e+02,9.076452954883773572e-01,1.000000000000000000e+00,5.000000000000000000e+00,2.000000000000000111e-01,-2.494213570204264485e+00
2.400000000000000000e+02,8.445806334424933448e-01,9.000000000000000222e-01,5.000000000000000000e+00,2.000000000000000111e-01,4.265532341813269568e-01
2.402000000000000171e+02,7.801310079703578371e-01,9.000000000000000222e-01,5.000000000000000000e+00,2.000000000000000111e-01,-8.787385028402329823e+00
2.404000000000000057e+02,1.003382211285707815e+00,9.000000000000000222e-01,5.000000000000000000e+00,2.000000000000000111e-01,4.353132615626225999e+00
2.406000000000000227e+02,9.830725328486729087e-01,9.000000000000000222e-01,5.000000000000000000e+00,2.000000000000000111e-01,9.131593019459408822e+00
2.408000000000000114e+02,9.670705437544658833e-01,9.000000000000000222e-01,5.000000000000000000e+00,2.000000000000000111e-01,6.826774589438226570e+00
2.410000000000000000e+02,8.625448303573981512e-01,9.000000000000000222e-01,5.000000000000000000e+00,2.000000000000000111e-01,-9.355442072917654173e+00
2.412000000000000171e+02,9.189413226947410473e-01,9.000000000000000222e-01,5.000000000000000000e+00,2.000000000000000111e-01,-7.915905323682757455e+00
2.414000000000000057e+02,9.320471738854262389e-01,9.000000000000000222e-01,5.000000000000000000e+00,2.000000000000000111e-01,7.008193056748194039e+00
2.416000000000000227e+02,9.303488476665102702e-01,9.000000000000000222e-01,5.000000000000000000e+00,2.000000000000000111e-01,1.770928239410613614e+00
2.418000000000000114e+02,8.224346884122126777e-01,9.000000000000000222e-01,5.000000000000000000e+00,2.000000000000000111e-01,7.717370270195562654e+00
2.420000000000000000e+02,9.888216013923987191e-01,9.000000000000000222e-01,5.000000000000000000e+00,2.000000000000000111e-01,9.692640686244075710e+00
2.422000000000000171e+02,1.008022945786975377e+00,9.000000000000000222e-01,5.000000000000000000e+00,2.000000000000000111e-01,-8.951231553903038929e+00
2.424000000000000057e+02,8.600549577459957185e-01,9.000000000000000222e-01,5.000000000000000000e+00,2.000000000000000111e-01,6.739426196083922349e+00
2.426000000000000227e+02,9.214264538970388108e-01,9.000000000000000222e-01,5.000000000000000000e+00,2.000000000000000111e-01,-5.151363799547679534e+00
2.428000000000000114e+02,8.798834508506037100e-01,9.000000000000000222e-01,5.000000000000000000e+00,2.000000000000000111e-01,-7.565226455906197245e+00
2.430000000000000000e+02,5.716509256753300461e-01,9.000000000000000222e-01,5.000000000000000000e+00,2.000000000000000111e-01,9.466468487994813330e+00
2.432000000000000171e+02,8.551560198601253493e-01,9.000000000000000222e-01,5.000000000000000000e+00,2.000000000000000111e-01,8.290761431805137249e+00
2.434000000000000057e+02,7.742078117521029590e-01,9.000000000000000222e-01,5.000000000000000000e+00,2.000000000000000111e-01,3.569232317089259254e+00
2.436000000000000227e+02,7.562957363764762908e-01,9.000000000000000222e-01,5.000000000000000000e+00,2.000000000000000111e-01,-3.899383005780439504e+00
2.438000000000000114e+02,8.432991329623721333e-01,9.000000000000000222e-01,5.000000000000000000e+00,2.000000000000000111e-01,-1.952002987224028985e+00
2.440000000000000000e+02,9.265119450799255141e-01,9.000000000000000222e-01,5.000000000000000000e+00,2.000000000000000111e-01,-7.776605580492262249e+00
2.442000000000000171e+02,8.847024523866721113e-01,9.000000000000000222e-01,5.000000000000000000e+00,2.000000000000000111e-01,-8.390950147457838071e+00
2.444000000000000057e+02,9.073555927745893257e-01,9.000000000000000222e-01,5.000000000000000000e+00,2.000000000000000111e-01,2.839258862025015873e+00
2.446000000000000227e+02,9.487213477771297976e-01,9.000000000000000222e-01,5.000000000000000000e+00,2.000000000000000111e-01,4.452256859315863124e+00
2.448000000000000114e+02,8.315852458817635240e-01,9.000000000000000222e-01,5.000000000000000000e+00,2.000000000000000111e-01,6.976395356711108775e+00
2.450000000000000000e+02,9.046171091446397750e-01,9.000000000000000222e-01,5.000000000000000000e+00,2.000000000000000111e-01,-8.191043223726111933e+00
2.452000000000000171e+02,8.257658953337804197e-01,9.000000000000000222e-01,5.000000000000000000e+00,2.000000000000000111e-01,-5.462267260157602777e+00
2.454000000000000057e+02,1.045960208446304662e+00,9.000000000000000222e-01,5.000000000000000000e+00,2.000000000000000111e-01,-2.951548802694148321e+00
2.456000000000000227e+02,7.520729497481681847e-01,9.000000000000000222e-01,5.000000000000000000e+00,2.000000000000000111e-01,-3.013116215710809342e+00
2.458000000000000114e+02,7.812784922787966435e-01,9.000000000000000222e-01,5.000000000000000000e+00,2.000000000000000111e-01,-8.287604371482537147e+00
2.460000000000000000e+02,8.088344618045645307e-01,9.000000000000000222e-01,5.000000000000000000e+00,2.000000000000000111e-01,1.895874135697493301e+00
2.462000000000000171e+02,8.904636173595136261e-01,9.000000000000000222e-01,5.000000000000000000e+00,2.000000000000000111e-01,-9.302436877134443449e+00
2.464000000000000057e+02,9.109728129356510218e-01,9.000000000000000222e-01,5.000000000000000000e+00,2.000000000000000111e-01,3.132653960675215288e+00
2.466000000000000227e+02,9.131468511463650684e-01,1.000000000000000000e+00,5.000000000000000000e+00,2.000000000000000111e-01,-4.509785112904745041e+00
2.468000000000000114e+02,9.214710566871451292e-01,1.000000000000000000e+00,5.000000000000000000e+00,2.000000000000000111e-01,-4.983460944072928278e+00
2.470000000000000000e+02,9.480025257351943901e-01,1.000000000000000000e+00,5.000000000000000000e+00,2.000000000000000111e-01,9.516276133037759877e-01
2.472000000000000171e+02,9.648913571477891749e-01,1.000000000000000000e+00,5.000000000000000000e+00,2.000000000000000111e-01,1.857423935150476879e+00
2.474000000000000057e+02,9.753946751854141173e-01,1.000000000000000000e+00,5.000000000000000000e+00,2.000000000000000111e-01,8.115907486847945052e+00
2.476000000000000227e+02,1.050603810971994845e+00,1.000000000000000000e+00,5.000000000000000000e+00,2.000000000000000111e-01,-9.599059386273466998e+00
2.478000000000000114e+02,9.283553858290241045e-01,1.000000000000000000e+00,5.000000000000000000e+00,2.000000000000000111e-01,-1.024634453851415827e+00
2.480000000000000000e+02,8.102408655902774148e-01,1.000000000000000000e+00,5.000000000000000000e+00,2.000000000000000111e-01,-7.565721068897202528e+00
2.482000000000000171e+02,1.058434631712422913e+00,1.000000000000000000e+00,5.000000000000000000e+00,2.000000000000000111e-01,8.219187328815078075e+00
2.484000000000000057e+02,1.151596616022834363e+00,1.000000000000000000e+00,5.000000000000000000e+00,2.000000000000000111e-01,-4.746946282377018100e+00
2.486000000000000227e+02,1.067111958411222972e+00,1.000000000000000000e+00,5.000000000000000000e+00,2.000000000000000111e-01,-7.674156466905701635e+00
2.488000000000000114e+02,8.551923037749218359e-01,1.000000000000000000e+00,5.000000000000000000e+00,2.000000000000000111e-01,-5.527295690340059409e+00
2.490000000000000000e+02,1.106564803542291919e+00,1.000000000000000000e+00,5.000000000000000000e+00,2.000000000000000111e-01,-1.429005841261679066e+00
2.492000000000000171e+02,1.063783013247644682e+00,1.000000000000000000e+00,5.000000000000000000e+00,2.000000000000000111e-01,-5.656026684139876082e+00
2.494000000000000057e+02,9.741485368265294653e-01,1.000000000000000000e+00,5.000000000000000000e+00,2.000000000000000111e-01,-2.142322828977228255e+00
2.496000000000000227e+02,9.666600381708881917e-01,1.000000000000000000e+00,5.000000000000000000e+00,2.000000000000000111e-01,-6.767238229508240721e+00
2.498000000000000114e+02,8.465325825647328495e-01,1.000000000000000000e+00,5.000000000000000000e+00,2.000000000000000111e-01,-2.047726695918918871e+00
2.500000000000000000e+02,1.018007986509126495e+00,1.000000000000000000e+00,5.000000000000000000e+00,2.000000000000000111e-01,9.117027581685150039e+00
2.502000000000000171e+02,1.038719822272778703e+00,1.000000000000000000e+00,5.000000000000000000e+00,2.000000000000000111e-01,1.629998189349146642e+00
2.504000000000000057e+02,9.774468178896826842e-01,1.000000000000000000e+00,5.000000000000000000e+00,2.000000000000000111e-01,-1.587512722334212256e+00
2.506000000000000227e+02,1.052524066464864960e+00,1.000000000000000000e+00,5.000000000000000000e+00,2.000000000000000111e-01,4.619366077471447340e+00
2.508000000000000114e+02,1.041151502892730285e+00,1.000000000000000000e+00,5.000000000000000000e+00,2.000000000000000111e-01,-3.320057741904656190e+00
2.510000000000000000e+02,9.246953195103874146e-01,1.000000000000000000e+00,5.000000000000000000e+00,2.000000000000000111e-01,5.877443857879393718e+00
2.512000000000000171e+02,1.121354561230984759e+00,1.000000000000000000e+00,5.000000000000000000e+00,2.000000000000000111e-01,6.621323334719537712e+00
2.514000000000000057e+02,9.943308937597162833e-01,1.000000000000000000e+00,5.000000000000000000e+00,2.000000000000000111e-01,-7.633056513426805800e+00
2.516000000000000227e+02,9.612464429292225665e-01,1.000000000000000000e+00,5.000000000000000000e+00,2.000000000000000111e-01,5.445693773434570062e-01
2.518000000000000114e+02,1.052337830319736600e+00,1.000000000000000000e+00,5.000000000000000000e+00,2.000000000000000111e-01,3.457940114463475823e-02
2.520000000000000000e+02,9.267086320058208759e-01,1.000000000000000000e+00,5.000000000000000000e+00,2.000000000000000111e-01,9.869452068886857887e+00
2.522000000000000171e+02,9.972878170198626879e-01,1.000000000000000000e+00,5.000000000000000000e+00,2.000000000000000111e-01,9.467200574853510631e+00
2.524000000000000057e+02,1.013527169657548743e+00,1.000000000000000000e+00,5.000000000000000000e+00,2.000000000000000111e-01,-3.279803940923489591e+00
2.526000000000000227e+02,9.875329637168317465e-01,1.000000000000000000e+00,5.000000000000000000e+00,2.000000000000000111e-01,5.932576546226794534e+00
2.528000000000000114e+02,1.034147212187550569e+00,1.000000000000000000e+00,5.000000000000000000e+00,2.000000000000000111e-01,-2.418077652019956503e-01
2.530000000000000000e+02,1.040448898607700512e+00,1.000000000000000000e+00,5.000000000000000000e+00,2.000000000000000111e-01,-8.133539603383908911e+00
2.532000000000000171e+02,8.804580495973236554e-01,1.000000000000000000e+00,5.000000000000000000e+00,2.000000000000000111e-01,-5.606175501521932780e+00
2.534000000000000057e+02,9.447624517464938698e-01,1.000000000000000000e+00,5.000000000000000000e+00,2.000000000000000111e-01,-3.448081093128950059e+00
2.536000000000000227e+02,1.074305505022063567e+00,1.000000000000000000e+00,5.000000000000000000e+00,2.000000000000000111e-01,-9.929683826443884698e-01
2.538000000000000114e+02,1.134460784638776865e+00,1.000000000000000000e+00,5.000000000000000000e+00,2.000000000000000111e-01,1.894880184101669585e+00
2.540000000000000000e+02,1.140362156635354784e+00,1.000000000000000000e+00,5.000000000000000000e+00,2.000000000000000111e-01,8.658378324051259511e+00
2.542000000000000171e+02,1.060051725463597716e+00,1.000000000000000000e+00,5.000000000000000000e+00,2.000000000000000111e-01,1.584983103580228203e+00
2.544000000000000057e+02,9.903828149198086184e-01,1.000000000000000000e+00,5.000000000000000000e+00,2.000000000000000111e-01,3.884728424373854239e+00
2.546000000000000227e+02,9.306414858061220485e-01,1.000000000000000000e+00,5.000000000000000000e+00,2.000000000000000111e-01,-5.073888733303657972e+00
2.548000000000000114e+02,9.506915906516634207e-01,1.000000000000000000e+00,5.000000000000000000e+00,2.000000000000000111e-01,4.351184993761336273e+00
2.550000000000000000e+02,1.112365980012660405e+00,1.000000000000000000e+00,5.000000000000000000e+00,2.000000000000000111e-01,8.648572765898208559e+00
2.552000000000000171e+02,1.059285443361147605e+00,1.000000000000000000e+00,5.000000000000000000e+00,2.000000000000000111e-01,-9.171384539904645194e+00
2.554000000000000057e+02,8.582017826213323985e-01,1.000000000000000000e+00,5.000000000000000000e+00,2.000000000000000111e-01,2.822611822235117529e+00
2.556000000000000227e+02,1.044941064818663445e+00,1.000000000000000000e+00,5.000000000000000000e+00,2.000000000000000111e-01,-7.076283415705262314e+00
2.558000000000000114e+02,1.042887019616343780e+00,1.000000000000000000e+00,5.000000000000000000e+00,2.000000000000000111e-01,8.805436862024077271e+00
2.560000000000000000e+02,9.297494829046109022e-01,1.000000000000000000e+00,5.000000000000000000e+00,2.000000000000000111e-01,1.531783028734366781e+00
2.561999999999999886e+02,8.983197678393753938e-01,1.000000000000000000e+00,5.000000000000000000e+00,2.000000000000000111e-01,-1.235077840402926341e+00
2.564000000000000341e+02,9.113237169645990177e-01,9.000000000000000222e-01,5.000000000000000000e+00,2.000000000000000111e-01,-5.273325451822941545e+00
2.566000000000000227e+02,6.571418176064369732e-01,9.000000000000000222e-01,5.000000000000000000e+00,2.000000000000000111e-01,1.538821280199185182e+00
2.568000000000000114e+02,9.365249332117386860e-01,9.000000000000000222e-01,5.000000000000000000e+00,2.000000000000000111e-01,1.302513123916781979e+00
2.570000000000000000e+02,8.797048551793448246e-01,9.000000000000000222e-01,5.000000000000000000e+00,2.000000000000000111e-01,-8.017521609629376655e+00
2.571999999999999886e+02,9.014877866102117832e-01,9.000000000000000222e-01,5.000000000000000000e+00,2.000000000000000111e-01,-1.426889792669465251e+00
2.574000000000000341e+02,1.024724387658659142e+00,9.000000000000000222e-01,5.000000000000000000e+00,2.000000000000000111e-01,1.573985753114719444e+00
2.576000000000000227e+02,8.189844019632601668e-01,9.000000000000000222e-01,5.000000000000000000e+00,2.000000000000000111e-01,7.421064535309856325e+00
2.578000000000000114e+02,9.161507097097330021e-01,9.000000000000000222e-01,5.000000000000000000e+00,2.000000000000000111e-01,-1.251397170905271139e+00
2.580000000000000000e+02,9.272524396527055401e-01,9.000000000000000222e-01,5.000000000000000000e+00,2.000000000000000111e-01,9.776763857478268704e+00
2.581999999999999886e+02,8.288283618158815980e-01,9.000000000000000222e-01,5.000000000000000000e+00,2.000000000000000111e-01,-8.897387979280953374e+00
2.584000000000000341e+02,8.400581508939349851e-01,9.000000000000000222e-01,5.000000000000000000e+00,2.000000000000000111e-01,1.172770545109873552e+00
2.586000000000000227e+02,8.660906040158667940e-01,9.000000000000000222e-01,5.000000000000000000e+00,2.000000000000000111e-01,5.294778495749596914e-01
2.588000000000000114e+02,8.850947405062872253e-01,9.000000000000000222e-01,5.000000000000000000e+00,2.000000000000000111e-01,9.842394282935391203e+00
2.590000000000000000e+02,8.408785945899457381e-01,9.000000000000000222e-01,5.000000000000000000e+00,2.000000000000000111e-01,-6.289440140133528701e+00
2.591999999999999886e+02,7.545524207370774006e-01,9.000000000000000222e-01,5.000000000000000000e+00,2.000000000000000111e-01,-2.034945359147499744e-01
2.594000000000000341e+02,9.126663089471274137e-01,9.000000000000000222e-01,5.000000000000000000e+00,2.000000000000000111e-01,6.914417865394760554e+00
2.596000000000000227e+02,9.083510250485623549e-01,9.000000000000000222e-01,5.000000000000000000e+00,2.000000000000000111e-01,-6.396004630909253308e+00
2.598000000000000114e+02,9.537153301010686812e-01,9.000000000000000222e-01,5.000000000000000000e+00,2.000000000000000111e-01,9.165578964458052980e+00
2.600000000000000000e+02,7.797921581752442766e-01,9.000000000000000222e-01,5.000000000000000000e+00,2.000000000000000111e-01,-7.667304767875668503e+00
2.601999999999999886e+02,6.983991357656783583e-01,9.000000000000000222e-01,5.000000000000000000e+00,2.000000000000000111e-01,9.159029859487777259e+00
2.604000000000000341e+02,8.784163390525843162e-01,9.000000000000000222e-01,5.000000000000000000e+00,2.000000000000000111e-01,-3.643670861586938869e+00
2.606000000000000227e+02,8.289086648468886320e-01,9.000000000000000222e-01,5.000000000000000000e+00,2.000000000000000111e-01,8.505804308617406662e+00
2.608000000000000114e+02,8.410173855492446560e-01,9.000000000000000222e-01,5.000000000000000000e+00,2.000000000000000111e-01,9.415686690742813170e+00
2.610000000000000000e+02,8.658356386497561008e-01,9.000000000000000222e-01,5.000000000000000000e+00,2.000000000000000111e-01,3.234180925448093546e-02
2.611999999999999886e+02,8.155110287028846106e-01,9.000000000000000222e-01,5.000000000000000000e+00,2.000000000000000111e-01,7.901189657422161616e+00
2.614000000000000341e+02,8.594875663197517612e-01,9.000000000000000222e-01,5.000000000000000000e+00,2.000000000000000111e-01,-8.335589408275012602e+00
2.616000000000000227e+02,9.786107152275691501e-01,9.000000000000000222e-01,5.000000000000000000e+00,2.000000000000000111e-01,6.250212381198164024e+00
2.618000000000000114e+02,1.019844635326454974e+00,9.000000000000000222e-01,5.000000000000000000e+00,2.000000000000000111e-01,5.789608338005647781e+00
2.620000000000000000e+02,8.126898197016092507e-01,9.000000000000000222e-01,5.000000000000000000e+00,2.000000000000000111e-01,-3.707411373970170843e-01
2.621999999999999886e+02,8.098626879111935351e-01,9.000000000000000222e-01,5.000000000000000000e+00,2.000000000000000111e-01,6.872213773019119287e+00
2.624000000000000341e+02,7.389526822009759854e-01,9.000000000000000222e-01,5.000000000000000000e+00,2.000000000000000111e-01,3.698808023790414623e+00
2.626000000000000227e+02,9.276525264923003444e-01,9.000000000000000222e-01,5.000000000000000000e+00,2.000000000000000111e-01,5.664997592269390481e+00
2.628000000000000114e+02,1.007267366529844388e+00,1.000000000000000000e+00,5.000000000000000000e+00,2.000000000000000111e-01,-1.404481014949228168e+00
2.630000000000000000e+02,9.997551312394004075e-01,1.000000000000000000e+00,5.000000000000000000e+00,2.000000000000000111e-01,-1.593434506784198845e+00
2.631999999999999886e+02,1.033035693241965092e+00,1.000000000000000000e+00,5.000000000000000000e+00,2.000000000000000111e-01,-2.907127306533148214e+00
2.634000000000000341e+02,9.998300094412952976e-01,1.000000000000000000e+00,5.000000000000000000e+00,2.000000000000000111e-01,-7.739572569641732791e+00
2.636000000000000227e+02,9.378281649153012989e-01,1.000000000000000000e+00,5.000000000000000000e+00,2.000000000000000111e-01,-8.846482209380898354e+00
2.638000000000000114e+02,1.032953053492265960e+00,1.000000000000000000e+00,5.000000000000000000e+00,2.000000000000000111e-01,-9.265121712085711891e+00
2.640000000000000000e+02,9.516388497826212545e-01,1.000000000000000000e+00,5.000000000000000000e+00,2.000000000000000111e-01,-9.297498322967690854e+00
2.641999999999999886e+02,1.012797688625720172e+00,1.000000000000000000e+00,5.000000000000000000e+00,2.000000000000000111e-01,-8.876668295141778131e+00
2.644000000000000341e+02,9.044687904839806558e-01,1.000000000000000000e+00,5.000000000000000000e+00,2.000000000000000111e-01,6.949055258175683036e+00
2.646000000000000227e+02,1.044400436231865070e+00,1.000000000000000000e+00,5.000000000000000000e+00,2.000000000000000111e-01,1.016242411758408792e+00
2.648000000000000114e+02,1.142889693782811911e+00,1.000000000000000000e+00,5.000000000000000000e+00,2.000000000000000111e-01,1.522106225145609670e+00
2.650000000000000000e+02,9.322252619751263403e-01,1.000000000000000000e+00,5.000000000000000000e+00,2.000000000000000111e-01,3.026555454101323761e+00
2.651999999999999886e+02,9.871205674264728058e-01,1.000000000000000000e+00,5.000000000000000000e+00,2.000000000000000111e-01,-2.816523984122434321e+00
2.654000000000000341e+02,9.348093600025579875e-01,1.000000000000000000e+00,5.000000000000000000e+00,2.000000000000000111e-01,3.570984901242297838e-01
2.656000000000000227e+02,1.027504517523579741e+00,1.000000000000000000e+00,5.000000000000000000e+00,2.000000000000000111e-01,-2.842587949227022293e+00
2.658000000000000114e+02,1.009164106711585518e+00,1.000000000000000000e+00,5.000000000000000000e+00,2.000000000000000111e-01,-5.913990846942720481e+00
2.660000000000000000e+02,9.186147520502899733e-01,1.000000000000000000e+00,5.000000000000000000e+00,2.000000000000000111e-01,3.644849508009277983e+00
2.661999999999999886e+02,9.328164135221308495e-01,1.000000000000000000e+00,5.000000000000000000e+00,2.000000000000000111e-01,1.876426512668817992e+00
2.664000000000000341e+02,9.682879729104899580e-01,1.000000000000000000e+00,5.000000000000000000e+00,2.000000000000000111e-01,-8.738684188003889020e+00
2.666000000000000227e+02,9.258985347440834568e-01,9.000000000000000222e-01,5.000000000000000000e+00,2.000000000000000111e-01,2.795250521101950270e+00
2.668000000000000114e+02,9.311161369052290970e-01,9.000000000000000222e-01,5.000000000000000000e+00,2.000000000000000111e-01,-4.270545012026298437e+00
2.670000000000000000e+02,9.487987941970378314e-01,9.000000000000000222e-01,5.000000000000000000e+00,2.000000000000000111e-01,2.257175036779752730e+00
2.671999999999999886e+02,7.742984844172133840e-01,9.000000000000000222e-01,5.000000000000000000e+00,2.000000000000000111e-01,-9.565575566768618643e+00
2.674000000000000341e+02,1.117580996451597031e+00,9.000000000000000222e-01,5.000000000000000000e+00,2.000000000000000111e-01,-7.736528744946626901e+00
2.676000000000000227e+02,9.717837878858897049e-01,9.000000000000000222e-01,5.000000000000000000e+00,2.000000000000000111e-01,5.248387146647665702e+00
2.678000000000000114e+02,1.172915827325492932e+00,9.000000000000000222e-01,5.000000000000000000e+00,2.000000000000000111e-01,9.354315247817638124e+00
2.680000000000000000e+02,8.827631577797282469e-01,9.000000000000000222e-01,5.000000000000000000e+00,2.000000000000000111e-01,4.687663684419733912e+00
2.681999999999999886e+02,8.771322725359154138e-01,9.000000000000000222e-01,5.000000000000000000e+00,2.000000000000000111e-01,3.840352800650808973e+00
2.684000000000000341e+02,7.994981248713902700e-01,9.000000000000000222e-01,5.000000000000000000e+00,2.000000000000000111e-01,-6.335315388736093567e+00
2.686000000000000227e+02,8.815033301479748840e-01,9.000000000000000222e-01,5.000000000000000000e+00,2.000000000000000111e-01,-9.071847479395778180e-02
2.688000000000000114e+02,9.872887121795482779e-01,9.000000000000000222e-01,5.000000000000000000e+00,2.000000000000000111e-01,-1.205285931340057459e+00
2.690000000000000000e+02,8.563223579028617083e-01,9.000000000000000222e-01,5.000000000000000000e+00,2.000000000000000111e-01,-8.297340776524839256e+00
2.691999999999999886e+02,8.818451221373656557e-01,9.000000000000000222e-01,5.000000000000000000e+00,2.000000000000000111e-01,-2.511211124408349704e+00
2.694000000000000341e+02,9.097869912017522154e-01,9.000000000000000222e-01,5.000000000000000000e+00,2.000000000000000111e-01,5.718893984749200854e+00
2.696000000000000227e+02,1.095086323721314425e+00,9.000000000000000222e-01,5.000000000000000000e+00,2.000000000000000111e-01,4.801134009242119305e+00
2.698000000000000114e+02,1.001114073763502699e+00,9.000000000000000222e-01,5.000000000000000000e+00,2.000000000000000111e-01,9.079356758070382227e+00
2.700000000000000000e+02,1.011117531518247459e+00,9.000000000000000222e-01,5.000000000000000000e+00,2.000000000000000111e-01,7.887166233110992408e+00
2.701999999999999886e+02,6.849479634653143911e-01,9.000000000000000222e-01,5.000000000000000000e+00,2.000000000000000111e-01,9.743696839540138654e+00
2.704000000000000341e+02,7.758786599577573995e-01,9.000000000000000222e-01,5.000000000000000000e+00,2.000000000000000111e-01,-4.017199147279322702e+00
2.706000000000000227e+02,8.912548425687628617e-01,9.000000000000000222e-01,5.000000000000000000e+00,2.000000000000000111e-01,-6.333760307648681476e+00
2.708000000000000114e+02,9.153797584545850796e-01,9.000000000000000222e-01,5.000000000000000000e+00,2.000000000000000111e-01,1.884131217079866971e+00
2.710000000000000000e+02,8.215784859084960257e-01,9.000000000000000222e-01,5.000000000000000000e+00,2.000000000000000111e-01,9.961108376633369232e+00
2.711999999999999886e+02,9.405441993383392152e-01,9.000000000000000222e-01,5.000000000000000000e+00,2.000000000000000111e-01,-5.900250285748631640e+00
2.714000000000000341e+02,8.717112915940232742e-01,9.000000000000000222e-01,5.000000000000000000e+00,2.000000000000000111e-01,-8.556536992559124144e+00
2.716000000000000227e+02,9.565602124134438000e-01,9.000000000000000222e-01,5.000000000000000000e+00,2.000000000000000111e-01,-4.822766952361376980e+00
2.718000000000000114e+02,9.273611910445699325e-01,9.000000000000000222e-01,5.000000000000000000e+00,2.000000000000000111e-01,-7.311678699786538616e+00
2.720000000000000000e+02,9.997007716216730344e-01,9.000000000000000222e-01,5.000000000000000000e+00,2.000000000000000111e-01,6.888812847651220039e-01
2.721999999999999886e+02,9.223746714557634618e-01,9.000000000000000222e-01,5.000000000000000000e+00,2.000000000000000111e-01,-4.973955856855933888e-01
2.724000000000000341e+02,7.866860713523478044e-01,9.000000000000000222e-01,5.000000000000000000e+00,2.000000000000000111e-01,-3.679174004145475685e+00
2.726000000000000227e+02,1.094891001544819220e+00,9.000000000000000222e-01,5.000000000000000000e+00,2.000000000000000111e-01,-1.962661766074383252e+00
2.728000000000000114e+02,8.833215841317513251e-01,9.000000000000000222e-01,5.000000000000000000e+00,2.000000000000000111e-01,2.722451616599464330e+00
2.730000000000000000e+02,1.049260505254051790e+00,9.000000000000000222e-01,5.000000000000000000e+00,2.000000000000000111e-01,-2.643261090452058149e+00
2.731999999999999886e+02,9.509463720357907990e-01,9.000000000000000222e-01,5.000000000000000000e+00,2.000000000000000111e-01,6.078201824202736248e+00
2.734000000000000341e+02,9.411844854807228655e-01,9.000000000000000222e-01,5.000000000000000000e+00,2.000000000000000111e-01,-3.194028985329087078e+00
2.736000000000000227e+02,9.518773416683922184e-01,9.000000000000000222e-01,5.000000000000000000e+00,2.000000000000000111e-01,-1.272494435843505300e+00
2.738000000000000114e+02,9.303119492230186305e-01,9.000000000000000222e-01,5.000000000000000000e+00,2.000000000000000111e-01,5.190026627943925774e+00
2.740000000000000000e+02,8.942332348890865701e-01,9.000000000000000222e-01,5.000000000000000000e+00,2.000000000000000111e-01,-8.266875248290570966e+00
2.741999999999999886e+02,1.019031617129365852e+00,9.000000000000000222e-01,5.000000000000000000e+00,2.000000000000000111e-01,4.617500649378129651e+00
2.744000000000000341e+02,1.010768863791562389e+00,9.000000000000000222e-01,5.000000000000000000e+00,2.000000000000000111e-01,-4.657814868995062696e+00
2.746000000000000227e+02,1.057112184721030301e+00,9.000000000000000222e-01,5.000000000000000000e+00,2.000000000000000111e-01,-1.329262398768662479e-01
2.748000000000000114e+02,7.512775539708931305e-01,9.000000000000000222e-01,5.000000000000000000e+00,2.000000000000000111e-01,-6.822258045724332476e+00
2.750000000000000000e+02,8.038608970711293988e-01,9.000000000000000222e-01,5.000000000000000000e+00,2.000000000000000111e-01,-9.632057164062990395e+00
2.751999999999999886e+02,1.064892786163213367e+00,9.000000000000000222e-01,5.000000000000000000e+00,2.000000000000000111e-01,-6.246520385572984502e+00
2.754000000000000341e+02,7.527446970884377198e-01,9.000000000000000222e-01,5.000000000000000000e+00,2.000000000000000111e-01,9.252524739461268410e+00
2.756000000000000227e+02,9.656983947525286105e-01,9.000000000000000222e-01,5.000000000000000000e+00,2.000000000000000111e-01,1.196182918140529239e+00
2.758000000000000114e+02,9.357061225355700618e-01,9.000000000000000222e-01,5.000000000000000000e+00,2.000000000000000111e-01,2.650636439922116949e+00
2.760000000000000000e+02,8.074195178511512916e-01,9.000000000000000222e-01,5.000000000000000000e+00,2.000000000000000111e-01,4.754541561797429594e+00
2.761999999999999886e+02,8.403256386840314285e-01,9.000000000000000222e-01,5.000000000000000000e+00,2.000000000000000111e-01,6.789978632036408612e-02
2.764000000000000341e+02,8.281232093464019339e-01,9.000000000000000222e-01,5.000000000000000000e+00,2.000000000000000111e-01,9.583164476648232011e+00
2.766000000000000227e+02,7.680468914179761075e-01,9.000000000000000222e-01,5.000000000000000000e+00,2.000000000000000111e-01,-2.882382145123523642e+00
2.768000000000000114e+02,8.280513024288579382e-01,9.000000000000000222e-01,5.000000000000000000e+00,2.000000000000000111e-01,-3.398970212167893301e+00
2.770000000000000000e+02,8.681913562024338171e-01,9.000000000000000222e-01,5.000000000000000000e+00,2.000000000000000111e-01,-1.679931862203574156e-01
2.771999999999999886e+02,6.831929646761257802e-01,9.000000000000000222e-01,5.000000000000000000e+00,2.000000000000000111e-01,2.425161155251009504e+00
2.774000000000000341e+02,8.658955807543283756e-01,9.000000000000000222e-01,5.000000000000000000e+00,2.000000000000000111e-01,-7.484584993200389391e-01
2.776000000000000227e+02,7.461450293857478933e-01,9.000000000000000222e-01,5.000000000000000000e+00,2.000000000000000111e-01,-5.637609851728786481e-01
2.778000000000000114e+02,1.021041588711973702e+00,9.000000000000000222e-01,5.000000000000000000e+00,2.000000000000000111e-01,1.254375073637879368e+00
2.780000000000000000e+02,9.965490404013486181e-01,9.000000000000000222e-01,5.000000000000000000e+00,2.000000000000000111e-01,-5.640783180945707187e+00
2.781999999999999886e+02,8.373818822241405613e-01,9.000000000000000222e-01,5.000000000000000000e+00,2.000000000000000111e-01,5.857720730703555034e+00
2.784000000000000341e+02,8.734709089479035793e-01,9.000000000000000222e-01,5.000000000000000000e+00,2.000000000000000111e-01,-7.010087569039420430e+00
2.786000000000000227e+02,9.053311743660227284e-01,9.000000000000000222e-01,5.000000000000000000e+00,2.000000000000000111e-01,3.729018385903199118e+00
2.788000000000000114e+02,9.847518830783681398e-01,9.000000000000000222e-01,5.000000000000000000e+00,2.000000000000000111e-01,-8.866525031996959072e+00
2.790000000000000000e+02,7.352705298459969452e-01,9.000000000000000222e-01,5.000000000000000000e+00,2.000000000000000111e-01,-2.423220383881112383e+00
2.791999999999999886e+02,7.512961355344313086e-01,9.000000000000000222e-01,5.000000000000000000e+00,2.000000000000000111e-01,3.313601944922694997e-01
2.794000000000000341e+02,8.871423728240129813e-01,9.000000000000000222e-01,5.000000000000000000e+00,2.000000000000000111e-01,-4.121956895732383330e+00
2.796000000000000227e+02,9.837198976166634523e-01,9.000000000000000222e-01,5.000000000000000000e+00,2.000000000000000111e-01,-5.824137617534999478e+00
2.798000000000000114e+02,1.024037325382872510e+00,9.000000000000000222e-01,5.000000000000000000e+00,2.000000000000000111e-01,2.363923447632842567e+00
2.800000000000000000e+02,9.458975846652841746e-01,1.000000000000000000e+00,5.000000000000000000e+00,2.000000000000000111e-01,-2.979047297964334540e+00
2.801999999999999886e+02,8.582450466903884800e-01,1.000000000000000000e+00,5.000000000000000000e+00,2.000000000000000111e-01,-6.889356363524388627e+00
2.804000000000000341e+02,1.167574286493332281e+00,1.000000000000000000e+00,5.000000000000000000e+00,2.000000000000000111e-01,-6.287705032163623642e+00
2.806000000000000227e+02,9.778609064106895676e-01,1.000000000000000000e+00,5.000000000000000000e+00,2.000000000000000111e-01,-1.244032033069117915e+00
2.808000000000000114e+02,8.709193998757496225e-01,1.000000000000000000e+00,5.000000000000000000e+00,2.000000000000000111e-01,9.691203245078561679e+00
2.810000000000000000e+02,1.042698469425357377e+00,1.000000000000000000e+00,5.000000000000000000e+00,2.000000000000000111e-01,9.496814668586708308e+00
2.811999999999999886e+02,9.696725921952322746e-01,1.000000000000000000e+00,5.000000000000000000e+00,2.000000000000000111e-01,-1.975937812298729668e+00
2.814000000000000341e+02,9.650097807061042143e-01,1.000000000000000000e+00,5.000000000000000000e+00,2.000000000000000111e-01,-8.043248097743314062e+00
2.816000000000000227e+02,1.027173164439350472e+00,1.000000000000000000e+00,5.000000000000000000e+00,2.000000000000000111e-01,-9.558347047771107441e-01
2.818000000000000114e+02,1.038297798480628087e+00,1.000000000000000000e+00,5.000000000000000000e+00,2.000000000000000111e-01,2.439091218680026429e+00
2.820000000000000000e+02,9.210925742876532318e-01,1.000000000000000000e+00,5.000000000000000000e+00,2.000000000000000111e-01,-3.391227979752007293e+00
2.821999999999999886e+02,1.038150424434033603e+00,1.000000000000000000e+00,5.000000000000000000e+00,2.000000000000000111e-01,3.313783597449784679e+00
2.824000000000000341e+02,9.783692609704284227e-01,1.000000000000000000e+00,5.000000000000000000e+00,2.000000000000000111e-01,-4.859966087792693124e+00
2.826000000000000227e+02,9.857585840932553412e-01,1.000000000000000000e+00,5.000000000000000000e+00,2.000000000000000111e-01,-4.301428900358414964e+00
2.828000000000000114e+02,9.135362948592032906e-01,1.000000000000000000e+00,5.000000000000000000e+00,2.000000000000000111e-01,-8.792341800302343913e+00
2.830000000000000000e+02,1.058182079850501056e+00,1.000000000000000000e+00,5.000000000000000000e+00,2.000000000000000111e-01,-8.870120187878979934e+00
2.831999999999999886e+02,7.711846158978640231e-01,1.000000000000000000e+00,5.000000000000000000e+00,2.000000000000000111e-01,-8.919644193955949873e+00
2.834000000000000341e+02,1.066909095122017481e+00,1.000000000000000000e+00,5.000000000000000000e+00,2.000000000000000111e-01,-1.401217188818581150e+00
2.836000000000000227e+02,9.970276591575791825e-01,1.000000000000000000e+00,5.000000000000000000e+00,2.000000000000000111e-01,-7.723166887547656678e+00
2.838000000000000114e+02,1.159822820889106154e+00,1.000000000000000000e+00,5.000000000000000000e+00,2.000000000000000111e-01,-6.018863050446361385e+00
2.840000000000000000e+02,1.032360846874023297e+00,1.000000000000000000e+00,5.000000000000000000e+00,2.000000000000000111e-01,-5.158755528407001911e+00
2.841999999999999886e+02,8.983433315081944537e-01,1.000000000000000000e+00,5.000000000000000000e+00,2.000000000000000111e-01,6.399850925674279267e+00
2.844000000000000341e+02,9.528084789347651684e-01,1.000000000000000000e+00,5.000000000000000000e+00,2.000000000000000111e-01,-3.907957352853248523e+00
2.846000000000000227e+02,1.042998236572870496e+00,1.000000000000000000e+00,5.000000000000000000e+00,2.000000000000000111e-01,9.504694819630543634e-01
2.848000000000000114e+02,8.980390671169578010e-01,1.000000000000000000e+00,5.000000000000000000e+00,2.000000000000000111e-01,-9.529531034862781524e-01
2.850000000000000000e+02,1.124585947403275554e+00,1.000000000000000000e+00,5.000000000000000000e+00,2.000000000000000111e-01,-5.366068876314892933e+00
2.851999999999999886e+02,1.073174308734899940e+00,1.000000000000000000e+00,5.000000000000000000e+00,2.000000000000000111e-01,-5.657322996867765852e+00
2.854000000000000341e+02,1.050307063831978915e+00,1.000000000000000000e+00,5.000000000000000000e+00,2.000000000000000111e-01,-7.279014053653405369e+00
2.856000000000000227e+02,9.634107970359490070e-01,1.000000000000000000e+00,5.000000000000000000e+00,2.000000000000000111e-01,5.502472174394394955e+00
2.858000000000000114e+02,1.036435847265346100e+00,1.000000000000000000e+00,5.000000000000000000e+00,2.000000000000000111e-01,-9.217663828946935922e+00
2.860000000000000000e+02,8.551577043894514896e-01,1.000000000000000000e+00,5.000000000000000000e+00,2.000000000000000111e-01,-2.836640894010145075e-01
2.861999999999999886e+02,9.330198980262218722e-01,1.000000000000000000e+00,5.000000000000000000e+00,2.000000000000000111e-01,-4.871516229956860400e-01
2.864000000000000341e+02,1.054904496143278969e+00,1.000000000000000000e+00,5.000000000000000000e+00,2.000000000000000111e-01,1.539239935696075534e+00
2.866000000000000227e+02,9.789418760364769767e-01,1.000000000000000000e+00,5.000000000000000000e+00,2.000000000000000111e-01,2.246952485663971544e+00
2.868000000000000114e+02,1.184818833277031747e+00,1.000000000000000000e+00,5.000000000000000000e+00,2.000000000000000111e-01,-1.224429933586399954e+00
2.870000000000000000e+02,8.780906263296488490e-01,1.000000000000000000e+00,5.000000000000000000e+00,2.000000000000000111e-01,-5.893697043950361092e+00
2.871999999999999886e+02,1.082356179918926964e+00,1.000000000000000000e+00,5.000000000000000000e+00,2.000000000000000111e-01,7.198238033345489839e-01
2.874000000000000341e+02,8.876694141650245395e-01,1.000000000000000000e+00,5.000000000000000000e+00,2.000000000000000111e-01,8.800468932525507881e+00
2.876000000000000227e+02,1.021448027633944378e+00,1.000000000000000000e+00,5.000000000000000000e+00,2.000000000000000111e-01,9.377592153937690966e+00
2.878000000000000114e+02,1.037154767850051007e+00,1.000000000000000000e+00,5.000000000000000000e+00,2.000000000000000111e-01,6.907980026761570969e-01
2.880000000000000000e+02,9.313490999227601597e-01,1.000000000000000000e+00,5.000000000000000000e+00,2.000000000000000111e-01,2.490132806429624424e+00
2.881999999999999886e+02,9.446766773154642305e-01,1.000000000000000000e+00,5.000000000000000000e+00,2.000000000000000111e-01,-4.289369504556292512e+00
2.884000000000000341e+02,8.043065052880169485e-01,1.000000000000000000e+00,5.000000000000000000e+00,2.000000000000000111e-01,-4.206280173900831088e+00
2.886000000000000227e+02,9.629903293096322425e-01,1.000000000000000000e+00,5.000000000000000000e+00,2.000000000000000111e-01,-1.575779663132227171e+00
2.888000000000000114e+02,8.301745536278275495e-01,1.000000000000000000e+00,5.000000000000000000e+00,2.000000000000000111e-01,-7.759485774444176975e+00
2.890000000000000000e+02,9.217311492415611873e-01,1.000000000000000000e+00,5.000000000000000000e+00,2.000000000000000111e-01,2.971928853422443950e+00
2.891999999999999886e+02,8.657224040946125410e-01,1.000000000000000000e+00,5.000000000000000000e+00,2.000000000000000111e-01,3.701035597185180492e+00
2.894000000000000341e+02,1.053709100617300054e+00,1.000000000000000000e+00,5.000000000000000000e+00,2.000000000000000111e-01,-5.283543905467085189e+00
2.896000000000000227e+02,1.147424117470763782e+00,1.000000000000000000e+00,5.000000000000000000e+00,2.000000000000000111e-01,-6.617573510918797197e+00
2.898000000000000114e+02,9.522143427433612528e-01,1.000000000000000000e+00,5.000000000000000000e+00,2.000000000000000111e-01,1.705099835166205224e+00
2.900000000000000000e+02,1.070216734570734518e+00,1.000000000000000000e+00,5.000000000000000000e+00,2.000000000000000111e-01,3.860234332194549367e+00
2.901999999999999886e+02,9.390396886330348858e-01,1.000000000000000000e+00,5.000000000000000000e+00,2.000000000000000111e-01,9.171346187034615127e+00
2.904000000000000341e+02,1.093882804299713296e+00,1.000000000000000000e+00,5.000000000000000000e+00,2.000000000000000111e-01,7.705673815839393370e+00
2.906000000000000227e+02,1.064367533530200527e+00,1.000000000000000000e+00,5.000000000000000000e+00,2.000000000000000111e-01,-2.056332906230271540e+00
2.908000000000000114e+02,9.792196218660514928e-01,1.000000000000000000e+00,5.000000000000000000e+00,2.000000000000000111e-01,1.997891537374785642e+00
2.910000000000000000e+02,9.652149736647850364e-01,1.000000000000000000e+00,5.000000000000000000e+00,2.000000000000000111e-01,5.800943770124757037e+00
2.911999999999999886e+02,1.076559188319782701e+00,1.000000000000000000e+00,5.000000000000000000e+00,2.000000000000000111e-01,2.328380596429076022e+00
2.914000000000000341e+02,9.707281392027017342e-01,1.000000000000000000e+00,5.000000000000000000e+00,2.000000000000000111e-01,-9.172407187270509965e+00
2.916000000000000227e+02,1.080969052295766675e+00,1.000000000000000000e+00,5.000000000000000000e+00,2.000000000000000111e-01,6.180210393181251760e+00
2.918000000000000114e+02,9.992361208115699833e-01,1.000000000000000000e+00,5.000000000000000000e+00,2.000000000000000111e-01,-1.547184674148983419e+00
2.920000000000000000e+02,1.079120305647810696e+00,1.000000000000000000e+00,5.000000000000000000e+00,2.000000000000000111e-01,9.897841199304238557e+00
2.921999999999999886e+02,1.032946000898497196e+00,1.000000000000000000e+00,5.000000000000000000e+00,2.000000000000000111e-01,5.917373823272068734e+00
2.924000000000000341e+02,1.025324299793722860e+00,1.000000000000000000e+00,5.000000000000000000e+00,2.000000000000000111e-01,2.511660860873355716e+00
2.926000000000000227e+02,1.104631747247174278e+00,1.000000000000000000e+00,5.000000000000000000e+00,2.000000000000000111e-01,-9.863894170628004332e+00
2.928000000000000114e+02,9.601530900980674854e-01,1.000000000000000000e+00,5.000000000000000000e+00,2.000000000000000111e-01,-4.694077251089172620e+00
2.930000000000000000e+02,8.693202073423972331e-01,1.000000000000000000e+00,5.000000000000000000e+00,2.000000000000000111e-01,4.924913036083371054e+00
2.931999999999999886e+02,9.487887303228974556e-01,1.000000000000000000e+00,5.000000000000000000e+00,2.000000000000000111e-01,7.772203287014672668e+00
2.934000000000000341e+02,9.481139172233145063e-01,1.000000000000000000e+00,5.000000000000000000e+00,2.000000000000000111e-01,4.676356680288783707e+00
2.936000000000000227e+02,1.111023438110830597e+00,1.000000000000000000e+00,5.000000000000000000e+00,2.000000000000000111e-01,-7.633614320349099813e+00
2.938000000000000114e+02,9.399190612002604750e-01,1.000000000000000000e+00,5.000000000000000000e+00,2.000000000000000111e-01,-1.876257439125325277e+00
2.940000000000000000e+02,1.130497062147647558e+00,1.000000000000000000e+00,5.000000000000000000e+00,2.000000000000000111e-01,9.758735576425078051e+00
2.941999999999999886e+02,1.029632639128682303e+00,1.000000000000000000e+00,5.000000000000000000e+00,2.000000000000000111e-01,1.141206138237638612e+00
2.944000000000000341e+02,1.025697091340019407e+00,1.000000000000000000e+00,5.000000000000000000e+00,2.000000000000000111e-01,3.706818013222738628e+00
2.946000000000000227e+02,9.693959518909084361e-01,1.000000000000000000e+00,5.000000000000000000e+00,2.000000000000000111e-01,-9.298501203342635080e-01
2.948000000000000114e+02,1.055903187138680366e+00,1.000000000000000000e+00,5.000000000000000000e+00,2.000000000000000111e-01,-5.605543966762496666e+00
2.950000000000000000e+02,1.096045489564965836e+00,1.000000000000000000e+00,5.000000000000000000e+00,2.000000000000000111e-01,3.820482815875402949e+00
2.951999999999999886e+02,9.549744148941898825e-01,1.000000000000000000e+00,5.000000000000000000e+00,2.000000000000000111e-01,9.527066260699569966e+00
2.954000000000000341e+02,9.221022153008003874e-01,1.000000000000000000e+00,5.000000000000000000e+00,2.000000000000000111e-01,-7.608725110027949157e+00
2.956000000000000227e+02,1.009229290932434298e+00,1.000000000000000000e+00,5.000000000000000000e+00,2.000000000000000111e-01,-1.260160593511749028e+00
2.958000000000000114e+02,1.118545124760362164e+00,1.000000000000000000e+00,5.000000000000000000e+00,2.000000000000000111e-01,3.503696331759087457e+00
2.960000000000000000e+02,1.043772546708442883e+00,1.000000000000000000e+00,5.000000000000000000e+00,2.000000000000000111e-01,2.727637269186839575e+00
2.961999999999999886e+02,1.017015964602174583e+00,1.000000000000000000e+00,5.000000000000000000e+00,2.000000000000000111e-01,8.580506549652437087e+00
2.964000000000000341e+02,1.192685771317209653e+00,1.000000000000000000e+00,5.000000000000000000e+00,2.000000000000000111e-01,3.264683310437243691e+00
2.966000000000000227e+02,1.108841217362456666e+00,1.000000000000000000e+00,5.000000000000000000e+00,2.000000000000000111e-01,8.353504838514364650e+00
2.968000000000000114e+02,1.036862837217139566e+00,1.000000000000000000e+00,5.000000000000000000e+00,2.000000000000000111e-01,-8.809562826786343948e+00
2.970000000000000000e+02,9.063988575909858181e-01,1.000000000000000000e+00,5.000000000000000000e+00,2.000000000000000111e-01,-1.996401302592484939e+00
2.971999999999999886e+02,1.020974772878115111e+00,1.000000000000000000e+00,5.000000000000000000e+00,2.000000000000000111e-01,7.178548410612254571e+00
2.974000000000000341e+02,1.076796917801915221e+00,1.000000000000000000e+00,5.000000000000000000e+00,2.000000000000000111e-01,8.631005621655440052e+00
2.976000000000000227e+02,1.056697729383933471e+00,1.000000000000000000e+00,5.000000000000000000e+00,2.000000000000000111e-01,-7.636149676486889248e+00
2.978000000000000114e+02,1.051905932300120750e+00,1.000000000000000000e+00,5.000000000000000000e+00,2.000000000000000111e-01,-8.811167229555891822e-01
2.980000000000000000e+02,1.078918565535631924e+00,1.000000000000000000e+00,5.000000000000000000e+00,2.000000000000000111e-01,-4.641091702430029109e+00
2.981999999999999886e+02,9.226623065350283426e-01,1.000000000000000000e+00,5.000000000000000000e+00,2.000000000000000111e-01,-8.638328730234274389e+00
2.984000000000000341e+02,1.082962075336659780e+00,1.000000000000000000e+00,5.000000000000000000e+00,2.000000000000000111e-01,3.333655048396337861e+00
2.986000000000000227e+02,1.033780769860765059e+00,1.000000000000000000e+00,5.000000000000000000e+00,2.000000000000000111e-01,-9.042089970202411564e+00
2.988000000000000114e+02,8.292554381024717092e-01,1.000000000000000000e+00,5.000000000000000000e+00,2.000000000000000111e-01,6.175222460111676526e+00
2.990000000000000000e+02,9.080375002606212442e-01,1.000000000000000000e+00,5.000000000000000000e+00,2.000000000000000111e-01,-8.237213585191291543e+00
2.991999999999999886e+02,8.931780494156948969e-01,1.000000000000000000e+00,5.000000000000000000e+00,2.000000000000000111e-01,3.198234918198805232e+00
2.994000000000000341e+02,9.902903853018307778e-01,1.000000000000000000e+00,5.000000000000000000e+00,2.000000000000000111e-01,2.655177915219635310e-01
2.996000000000000227e+02,9.551045909759812158e-01,1.000000000000000000e+00,5.000000000000000000e+00,2.000000000000000111e-01,5.783050812894067860e+00
2.998000000000000114e+02,1.006765644285732231e+00,1.000000000000000000e+00,5.000000000000000000e+00,2.000000000000000111e-01,-7.922187877919204979e+00
3.000000000000000000e+02,9.006350480087839117e-01,1.000000000000000000e+00,5.000000000000000000e+00,2.000000000000000111e-01,6.691105960845668221e+00
3.001999999999999886e+02,1.017624820041940881e+00,1.000000000000000000e+00,5.000000000000000000e+00,2.000000000000000111e-01,6.177993327241665611e+00
3.004000000000000341e+02,1.104668107433131707e+00,1.000000000000000000e+00,5.000000000000000000e+00,2.000000000000000111e-01,-9.834416952544209778e+00
3.006000000000000227e+02,9.934804761510666049e-01,1.000000000000000000e+00,5.000000000000000000e+00,2.000000000000000111e-01,-1.338683062921905531e+00
3.008000000000000114e+02,1.023190993981086150e+00,1.000000000000000000e+00,5.000000000000000000e+00,2.000000000000000111e-01,4.026057838226769547e+00
3.010000000000000000e+02,1.066879648148324478e+00,1.000000000000000000e+00,5.000000000000000000e+00,2.000000000000000111e-01,-4.116000355255026832e+00
3.011999999999999886e+02,9.288173570711998339e-01,1.000000000000000000e+00,5.000000000000000000e+00,2.000000000000000111e-01,8.333705042662838736e+00
3.014000000000000341e+02,1.049995900097873802e+00,1.000000000000000000e+00,5.000000000000000000e+00,2.000000000000000111e-01,8.815735145133068329e+00
3.016000000000000227e+02,9.238626556814837354e-01,1.000000000000000000e+00,5.000000000000000000e+00,2.000000000000000111e-01,9.165549068625860940e+00
3.018000000000000114e+02,9.917882065040326545e-01,1.000000000000000000e+00,5.000000000000000000e+00,2.000000000000000111e-01,-7.167046517412362761e+00
3.020000000000000000e+02,1.120903120487844795e+00,1.000000000000000000e+00,5.000000000000000000e+00,2.000000000000000111e-01,-8.097585398306772930e+00
3.021999999999999886e+02,1.024995998021621002e+00,1.000000000000000000e+00,5.000000000000000000e+00,2.000000000000000111e-01,-1.001470947485927354e-01
3.024000000000000341e+02,9.491752555341778086e-01,1.000000000000000000e+00,5.000000000000000000e+00,2.000000000000000111e-01,8.127568730658470741e+00
3.026000000000000227e+02,9.643330747296814387e-01,1.000000000000000000e+00,5.000000000000000000e+00,2.000000000000000111e-01,2.391554711698153923e+00
3.028000000000000114e+02,8.793349497968141470e-01,9.000000000000000222e-01,5.000000000000000000e+00,2.000000000000000111e-01,6.592151111423266485e+00
3.030000000000000000e+02,9.689801270844592418e-01,9.000000000000000222e-01,5.000000000000000000e+00,2.000000000000000111e-01,-5.438925052085283873e+00
3.031999999999999886e+02,8.192415405881335877e-01,9.000000000000000222e-01,5.000000000000000000e+00,2.000000000000000111e-01,-7.517507082593710699e+00
3.034000000000000341e+02,1.141270426067967136e+00,9.000000000000000222e-01,5.000000000000000000e+00,2.000000000000000111e-01,-4.384600758809904519e+00
3.036000000000000227e+02,8.644079127733110823e-01,9.000000000000000222e-01,5.000000000000000000e+00,2.000000000000000111e-01,-2.931364946653491899e-01
3.038000000000000114e+02,6.906516745566941839e-01,9.000000000000000222e-01,5.000000000000000000e+00,2.000000000000000111e-01,-6.516911708462016506e+00
3.040000000000000000e+02,8.889353801013051282e-01,9.000000000000000222e-01,5.000000000000000000e+00,2.000000000000000111e-01,-7.933274904562499508e+00
3.041999999999999886e+02,8.151854556622560866e-01,9.000000000000000222e-01,5.000000000000000000e+00,2.000000000000000111e-01,-4.887252962991706084e+00
3.044000000000000341e+02,9.115717115416499539e-01,9.000000000000000222e-01,5.000000000000000000e+00,2.000000000000000111e-01,-4.507792295409130290e+00
3.046000000000000227e+02,1.040500437846376025e+00,9.000000000000000222e-01,5.000000000000000000e+00,2.000000000000000111e-01,-2.619652116441422152e-01
3.048000000000000114e+02,8.764264677449579155e-01,9.000000000000000222e-01,5.000000000000000000e+00,2.000000000000000111e-01,-5.359409579649376809e-01
3.050000000000000000e+02,8.064367852500475831e-01,9.000000000000000222e-01,5.000000000000000000e+00,2.000000000000000111e-01,-2.898619207801433895e+00
3.051999999999999886e+02,8.229448204104462539e-01,1.000000000000000000e+00,5.000000000000000000e+00,2.000000000000000111e-01,3.325897887207766246e+00
3.054000000000000341e+02,1.084643611216141279e+00,1.000000000000000000e+00,5.000000000000000000e+00,2.000000000000000111e-01,8.418898035595354656e-01
3.056000000000000227e+02,1.037741929823827736e+00,1.000000000000000000e+00,5.000000000000000000e+00,2.000000000000000111e-01,4.996167981216901310e+00
3.058000000000000114e+02,9.441920623889773490e-01,1.000000000000000000e+00,5.000000000000000000e+00,2.000000000000000111e-01,1.012571349414368882e+00
3.060000000000000000e+02,1.078597599446007305e+00,1.000000000000000000e+00,5.000000000000000000e+00,2.000000000000000111e-01,-6.684089077776008025e+00
3.061999999999999886e+02,9.213213782900572246e-01,1.000000000000000000e+00,5.000000000000000000e+00,2.000000000000000111e-01,-9.953701030406868711e+00
3.064000000000000341e+02,9.769884444108399846e-01,1.000000000000000000e+00,5.000000000000000000e+00,2.000000000000000111e-01,-2.363018375663132886e+00
3.066000000000000227e+02,1.071658061703486986e+00,1.000000000000000000e+00,5.000000000000000000e+00,2.000000000000000111e-01,-2.738364507259449354e+00
3.068000000000000114e+02,7.973622201073476967e-01,1.000000000000000000e+00,5.000000000000000000e+00,2.000000000000000111e-01,1.874357086219820445e+00
3.070000000000000000e+02,1.029183633511453033e+00,1.000000000000000000e+00,5.000000000000000000e+00,2.000000000000000111e-01,-2.956748125335604271e+00
3.072000000000000455e+02,9.805841234585213062e-01,1.000000000000000000e+00,5.000000000000000000e+00,2.000000000000000111e-01,4.936284283662089933e+00
3.074000000000000341e+02,9.304731467780832377e-01,1.000000000000000000e+00,5.000000000000000000e+00,2.000000000000000111e-01,-6.895524721186037098e+00
3.076000000000000227e+02,9.311402074938575080e-01,1.000000000000000000e+00,5.000000000000000000e+00,2.000000000000000111e-01,4.904634632463999111e+00
3.078000000000000114e+02,1.060502103915466288e+00,1.000000000000000000e+00,5.000000000000000000e+00,2.000000000000000111e-01,-5.583902177460357663e+00
3.080000000000000000e+02,9.125887004729285046e-01,1.000000000000000000e+00,5.000000000000000000e+00,2.000000000000000111e-01,8.874896097432024789e+00
3.082000000000000455e+02,1.128637327305898941e+00,1.000000000000000000e+00,5.000000000000000000e+00,2.000000000000000111e-01,-6.760631010783006545e+00
3.084000000000000341e+02,1.062515614146043452e+00,1.000000000000000000e+00,5.000000000000000000e+00,2.000000000000000111e-01,6.038322043373540282e+00
3.086000000000000227e+02,8.367205359206745241e-01,1.000000000000000000e+00,5.000000000000000000e+00,2.000000000000000111e-01,8.626316915507697303e+00
3.088000000000000114e+02,9.362867565043195839e-01,1.000000000000000000e+00,5.000000000000000000e+00,2.000000000000000111e-01,5.830233568122213939e+00
3.090000000000000000e+02,9.199634818572940409e-01,1.000000000000000000e+00,5.000000000000000000e+00,2.000000000000000111e-01,1.334165010887138791e+00
3.092000000000000455e+02,9.771468134937940642e-01,1.000000000000000000e+00,5.000000000000000000e+00,2.000000000000000111e-01,1.569467944410385840e+00
3.094000000000000341e+02,9.021520590677815088e-01,1.000000000000000000e+00,5.000000000000000000e+00,2.000000000000000111e-01,-4.022335462490140401e+00
3.096000000000000227e+02,1.120224877359486282e+00,1.000000000000000000e+00,5.000000000000000000e+00,2.000000000000000111e-01,4.927825680328938418e+00
3.098000000000000114e+02,1.009612689108722483e+00,1.000000000000000000e+00,5.000000000000000000e+00,2.000000000000000111e-01,-5.006760326980712605e+00
3.100000000000000000e+02,1.038138456764002848e+00,1.000000000000000000e+00,5.000000000000000000e+00,2.000000000000000111e-01,2.867499254563153244e+00
3.102000000000000455e+02,1.135536577740474673e+00,1.000000000000000000e+00,5.000000000000000000e+00,2.000000000000000111e-01,2.466739559938959658e+00
3.104000000000000341e+02,8.671073596858497323e-01,1.000000000000000000e+00,5.000000000000000000e+00,2.000000000000000111e-01,-7.941824394243832685e+00
3.106000000000000227e+02,9.060978165081168267e-01,1.000000000000000000e+00,5.000000000000000000e+00,2.000000000000000111e-01,9.285579521613289700e+00
3.108000000000000114e+02,9.715176386098591799e-01,1.000000000000000000e+00,5.000000000000000000e+00,2.000000000000000111e-01,9.122594254839633265e-01
3.110000000000000000e+02,9.545951110268734441e-01,1.000000000000000000e+00,5.000000000000000000e+00,2.000000000000000111e-01,-8.931339398907008231e+00
3.112000000000000455e+02,1.152979039029516484e+00,1.000000000000000000e+00,5.000000000000000000e+00,2.000000000000000111e-01,-9.531053910493120895e+00
3.114000000000000341e+02,8.063126986802803264e-01,1.000000000000000000e+00,5.000000000000000000e+00,2.000000000000000111e-01,-6.453786577213051601e+00
3.116000000000000227e+02,9.454931373185666565e-01,1.000000000000000000e+00,5.000000000000000000e+00,2.000000000000000111e-01,-3.185591579618929359e-01
3.118000000000000114e+02,7.992963524564454803e-01,1.000000000000000000e+00,5.000000000000000000e+00,2.000000000000000111e-01,-6.759712682785634641e+00
3.120000000000000000e+02,9.564951388058746673e-01,1.000000000000000000e+00,5.000000000000000000e+00,2.000000000000000111e-01,2.865899069468387239e+00
3.122000000000000455e+02,8.600363563319879390e-01,1.000000000000000000e+00,5.000000000000000000e+00,2.000000000000000111e-01,2.085632771671868113e-01
3.124000000000000341e+02,9.716113151906152767e-01,1.000000000000000000e+00,5.000000000000000000e+00,2.000000000000000111e-01,5.451558283320137477e+00
3.126000000000000227e+02,9.938834050471657688e-01,1.000000000000000000e+00,5.000000000000000000e+00,2.000000000000000111e-01,8.980942025549509822e-02
3.128000000000000114e+02,1.046390842570564361e+00,1.000000000000000000e+00,5.000000000000000000e+00,2.000000000000000111e-01,-5.974630808192959996e+00
3.130000000000000000e+02,1.177565298786876991e+00,1.000000000000000000e+00,5.000000000000000000e+00,2.000000000000000111e-01,-8.405489122143086078e+00
3.132000000000000455e+02,8.836938695339544569e-01,1.000000000000000000e+00,5.000000000000000000e+00,2.000000000000000111e-01,-4.194012053773330528e+00
3.134000000000000341e+02,1.071608691508556088e+00,1.000000000000000000e+00,5.000000000000000000e+00,2.000000000000000111e-01,-8.182137987759832143e+00
3.136000000000000227e+02,1.027322527382950490e+00,1.000000000000000000e+00,5.000000000000000000e+00,2.000000000000000111e-01,-8.457541380297149303e+00
3.138000000000000114e+02,1.121330369218747514e+00,1.000000000000000000e+00,5.000000000000000000e+00,2.000000000000000111e-01,6.562250038361238325e+00
3.140000000000000000e+02,1.107809937730925620e+00,1.000000000000000000e+00,5.000000000000000000e+00,2.000000000000000111e-01,8.262749151427360772e+00
3.142000000000000455e+02,9.778372091580662673e-01,9.000000000000000222e-01,5.000000000000000000e+00,2.000000000000000111e-01,6.684950146190516307e+00
3.144000000000000341e+02,1.048631107469030876e+00,9.000000000000000222e-01,5.000000000000000000e+00,2.000000000000000111e-01,1.968609293515017455e+00
3.146000000000000227e+02,9.985071704624041145e-01,9.000000000000000222e-01,5.000000000000000000e+00,2.000000000000000111e-01,9.958675805236001821e+00
3.148000000000000114e+02,8.739926795171271134e-01,9.000000000000000222e-01,5.000000000000000000e+00,2.000000000000000111e-01,5.655709810148747962e+00
3.150000000000000000e+02,7.751431986908854377e-01,9.000000000000000222e-01,5.000000000000000000e+00,2.000000000000000111e-01,5.720081172931086755e+00
3.152000000000000455e+02,8.565811236342520951e-01,9.000000000000000222e-01,5.000000000000000000e+00,2.000000000000000111e-01,-6.155419704086151356e+00
3.154000000000000341e+02,6.831976844944905869e-01,9.000000000000000222e-01,5.000000000000000000e+00,2.000000000000000111e-01,7.494622867884164208e+00
3.156000000000000227e+02,7.937333679743391324e-01,9.000000000000000222e-01,5.000000000000000000e+00,2.000000000000000111e-01,4.754663830709834116e+00
3.158000000000000114e+02,8.478380259717618328e-01,9.000000000000000222e-01,5.000000000000000000e+00,2.000000000000000111e-01,-3.837068306823077535e+00
3.160000000000000000e+02,9.914897722780517952e-01,9.000000000000000222e-01,5.000000000000000000e+00,2.000000000000000111e-01,2.558404847405324034e+00
3.162000000000000455e+02,8.857619041238011803e-01,9.000000000000000222e-01,5.000000000000000000e+00,2.000000000000000111e-01,-4.168158313572096318e+00
3.164000000000000341e+02,8.062972326221393704e-01,9.000000000000000222e-01,5.000000000000000000e+00,2.000000000000000111e-01,-4.458960941104621156e+00
3.166000000000000227e+02,1.076400458054491249e+00,9.000000000000000222e-01,5.000000000000000000e+00,2.000000000000000111e-01,5.258115347106713244e+00
3.168000000000000114e+02,1.059367842517232594e+00,9.000000000000000222e-01,5.000000000000000000e+00,2.000000000000000111e-01,-2.613866811059466500e-01
3.170000000000000000e+02,9.528327485627335891e-01,9.000000000000000222e-01,5.000000000000000000e+00,2.000000000000000111e-01,5.079970015896648761e+00
3.172000000000000455e+02,7.743030318231851616e-01,9.000000000000000222e-01,5.000000000000000000e+00,2.000000000000000111e-01,-2.276960138863723948e+00
3.174000000000000341e+02,9.833101273382807150e-01,9.000000000000000222e-01,5.000000000000000000e+00,2.000000000000000111e-01,-2.600522231512099047e+00
3.176000000000000227e+02,8.935761047625099263e-01,9.000000000000000222e-01,5.000000000000000000e+00,2.000000000000000111e-01,-3.309594807960827723e+00
3.178000000000000114e+02,8.694729028770715740e-01,9.000000000000000222e-01,5.000000000000000000e+00,2.000000000000000111e-01,-3.351289437326034459e+00
3.180000000000000000e+02,1.014931004042682217e+00,9.000000000000000222e-01,5.000000000000000000e+00,2.000000000000000111e-01,-6.984334956521962567e-01
3.182000000000000455e+02,8.545718520587282097e-01,9.000000000000000222e-01,5.000000000000000000e+00,2.000000000000000111e-01,-2.204999301275840651e-01
3.184000000000000341e+02,8.884775154308670597e-01,9.000000000000000222e-01,5.000000000000000000e+00,2.000000000000000111e-01,-3.588239052676183150e+00
3.186000000000000227e+02,9.892337678617697527e-01,9.000000000000000222e-01,5.000000000000000000e+00,2.000000000000000111e-01,4.592281886982201300e+00
3.188000000000000114e+02,9.425108168240519113e-01,9.000000000000000222e-01,5.000000000000000000e+00,2.000000000000000111e-01,-3.578738157056746694e+00
3.190000000000000000e+02,8.774294278336045583e-01,9.000000000000000222e-01,5.000000000000000000e+00,2.000000000000000111e-01,2.904555346318600684e+00
3.192000000000000455e+02,1.090057618245689808e+00,1.100000000000000089e+00,5.000000000000000000e+00,2.000000000000000111e-01,2.749307933413527749e+00
3.194000000000000341e+02,1.108150893993255837e+00,1.100000000000000089e+00,5.000000000000000000e+00,2.000000000000000111e-01,6.179704435009551133e+00
3.196000000000000227e+02,1.213167381176374571e+00,1.100000000000000089e+00,5.000000000000000000e+00,2.000000000000000111e-01,-8.481796842590085816e-01
3.198000000000000114e+02,1.071103623437611896e+00,1.100000000000000089e+00,5.000000000000000000e+00,2.000000000000000111e-01,-3.490853491701964018e+00
3.200000000000000000e+02,1.030343356675348154e+00,1.100000000000000089e+00,5.000000000000000000e+00,2.000000000000000111e-01,6.173950940166605506e+00
3.202000000000000455e+02,1.123211974811535008e+00,1.100000000000000089e+00,5.000000000000000000e+00,2.000000000000000111e-01,-1.409163313480446433e+00
3.204000000000000341e+02,1.177555289363319879e+00,1.100000000000000089e+00,5.000000000000000000e+00,2.000000000000000111e-01,2.237985983844483329e+00
3.206000000000000227e+02,1.154166115916754221e+00,1.100000000000000089e+00,5.000000000000000000e+00,2.000000000000000111e-01,1.959968021660101201e+00
3.208000000000000114e+02,1.199863359044928579e+00,1.100000000000000089e+00,5.000000000000000000e+00,2.000000000000000111e-01,-7.968181326902641359e-01
3.210000000000000000e+02,9.383574541399136715e-01,1.100000000000000089e+00,5.000000000000000000e+00,2.000000000000000111e-01,-5.930067593304759299e+00
3.212000000000000455e+02,1.030581913555506990e+00,1.100000000000000089e+00,5.000000000000000000e+00,2.000000000000000111e-01,5.430156295402458255e+00
3.214000000000000341e+02,1.084542284284739422e+00,1.100000000000000089e+00,5.000000000000000000e+00,2.000000000000000111e-01,-1.531998310012323117e+00
3.216000000000000227e+02,1.299563302753532934e+00,1.100000000000000089e+00,5.000000000000000000e+00,2.000000000000000111e-01,-2.131697439724189458e+00
3.218000000000000114e+02,1.130868694863767399e+00,1.100000000000000089e+00,5.000000000000000000e+00,2.000000000000000111e-01,2.198629283420068248e+00
3.220000000000000000e+02,8.570482796924998592e-01,1.100000000000000089e+00,5.000000000000000000e+00,2.000000000000000111e-01,1.815346444405959048e+00
3.222000000000000455e+02,1.189718662566057628e+00,1.100000000000000089e+00,5.000000000000000000e+00,2.000000000000000111e-01,9.604444865371927875e+00
3.224000000000000341e+02,1.049757721934258203e+00,1.100000000000000089e+00,5.000000000000000000e+00,2.000000000000000111e-01,7.274828415706476648e+00
3.226000000000000227e+02,1.095511144898403622e+00,1.100000000000000089e+00,5.000000000000000000e+00,2.000000000000000111e-01,-1.554924368046817662e+00
3.228000000000000114e+02,1.135455395170170245e+00,1.100000000000000089e+00,5.000000000000000000e+00,2.000000000000000111e-01,-6.773561861805958983e-01
3.230000000000000000e+02,1.086955497101338874e+00,1.100000000000000089e+00,5.000000000000000000e+00,2.000000000000000111e-01,-4.038026293395944322e+00
3.232000000000000455e+02,9.981547093133705806e-01,1.100000000000000089e+00,5.000000000000000000e+00,2.000000000000000111e-01,7.633522211129246671e-01
3.234000000000000341e+02,1.132940106654696022e+00,1.100000000000000089e+00,5.000000000000000000e+00,2.000000000000000111e-01,-4.725953799441844794e+00
3.236000000000000227e+02,1.075053355657561438e+00,1.100000000000000089e+00,5.000000000000000000e+00,2.000000000000000111e-01,1.307120693938541578e+00
3.238000000000000114e+02,1.194389411303090176e+00,1.100000000000000089e+00,5.000000000000000000e+00,2.000000000000000111e-01,-5.756693642128960064e+00
3.240000000000000000e+02,1.195388459038208895e+00,1.100000000000000089e+00,5.000000000000000000e+00,2.000000000000000111e-01,-2.872016666689005682e+00
3.242000000000000455e+02,9.982879318375397215e-01,1.100000000000000089e+00,5.000000000000000000e+00,2.000000000000000111e-01,1.481767187922374163e+00
3.244000000000000341e+02,1.011354987576816633e+00,1.100000000000000089e+00,5.000000000000000000e+00,2.000000000000000111e-01,-8.641848930651116589e+00
3.246000000000000227e+02,9.697434829746977014e-01,1.100000000000000089e+00,5.000000000000000000e+00,2.000000000000000111e-01,9.571498402275832262e+00
3.248000000000000114e+02,1.210184681355457315e+00,1.100000000000000089e+00,5.000000000000000000e+00,2.000000000000000111e-01,4.047996868675278748e+00
3.250000000000000000e+02,1.072128361594372414e+00,1.100000000000000089e+00,5.000000000000000000e+00,2.000000000000000111e-01,2.496074451045839027e+00
3.252000000000000455e+02,1.079828833404335775e+00,1.100000000000000089e+00,5.000000000000000000e+00,2.000000000000000111e-01,-2.483914647019243027e+00
3.254000000000000341e+02,1.167292190340313507e+00,1.100000000000000089e+00,5.000000000000000000e+00,2.000000000000000111e-01,3.483109065250371117e+00
3.256000000000000227e+02,1.012562242109950494e+00,1.100000000000000089e+00,5.000000000000000000e+00,2.000000000000000111e-01,-4.863402900477016289e-01
3.258000000000000114e+02,1.227242872342174662e+00,1.100000000000000089e+00,5.000000000000000000e+00,2.000000000000000111e-01,-9.660565803668736962e+00
3.260000000000000000e+02,1.166805230027185836e+00,1.100000000000000089e+00,5.000000000000000000e+00,2.000000000000000111e-01,-8.396035490867060247e+00
3.262000000000000455e+02,9.643757508237287279e-01,1.100000000000000089e+00,5.000000000000000000e+00,2.000000000000000111e-01,-4.487541567288221955e+00
3.264000000000000341e+02,1.144469442104107726e+00,1.100000000000000089e+00,5.000000000000000000e+00,2.000000000000000111e-01,-7.247632198311908525e+00
3.266000000000000227e+02,1.250856649002370258e+00,1.100000000000000089e+00,5.000000000000000000e+00,2.000000000000000111e-01,6.755082148964024924e+00
3.268000000000000114e+02,1.129611044789528451e+00,1.100000000000000089e+00,5.000000000000000000e+00,2.000000000000000111e-01,-4.273720750330682883e+00
3.270000000000000000e+02,1.146130381897024098e+00,1.100000000000000089e+00,5.000000000000000000e+00,2.000000000000000111e-01,3.382828336295203187e+00
3.272000000000000455e+02,1.222973077891570837e+00,1.100000000000000089e+00,5.000000000000000000e+00,2.000000000000000111e-01,2.516852157171424409e+00
3.274000000000000341e+02,1.115540112043386101e+00,1.100000000000000089e+00,5.000000000000000000e+00,2.000000000000000111e-01,3.117192437926517457e+00
3.276000000000000227e+02,1.047764288863703763e+00,1.100000000000000089e+00,5.000000000000000000e+00,2.000000000000000111e-01,2.757867774505475822e+00
3.278000000000000114e+02,9.843629875012298580e-01,1.100000000000000089e+00,5.000000000000000000e+00,2.000000000000000111e-01,-7.775981583916178330e+00
3.280000000000000000e+02,1.141476217098362334e+00,1.100000000000000089e+00,5.000000000000000000e+00,2.000000000000000111e-01,5.019780645404699371e+00
3.282000000000000455e+02,1.046763751660265696e+00,1.100000000000000089e+00,5.000000000000000000e+00,2.000000000000000111e-01,-3.818995676662755301e-01
3.284000000000000341e+02,1.226200615348225442e+00,1.100000000000000089e+00,5.000000000000000000e+00,2.000000000000000111e-01,8.880221502784102938e+00
3.286000000000000227e+02,1.106992262323676535e+00,1.100000000000000089e+00,5.000000000000000000e+00,2.000000000000000111e-01,2.558741449859610384e+00
3.288000000000000114e+02,1.084322126217478921e+00,1.000000000000000000e+00,5.000000000000000000e+00,2.000000000000000111e-01,-2.017123188239368758e+00
3.290000000000000000e+02,9.255113320422582168e-01,1.000000000000000000e+00,5.000000000000000000e+00,2.000000000000000111e-01,9.456278291566071914e+00
3.292000000000000455e+02,9.394800369815358154e-01,1.000000000000000000e+00,5.000000000000000000e+00,2.000000000000000111e-01,4.714884357298130269e+00
3.294000000000000341e+02,1.069098363247773520e+00,1.000000000000000000e+00,5.000000000000000000e+00,2.000000000000000111e-01,4.218841672702611234e+00
3.296000000000000227e+02,1.002793811789265854e+00,1.000000000000000000e+00,5.000000000000000000e+00,2.000000000000000111e-01,-6.553030391903302387e+00
3.298000000000000114e+02,1.017094445675159387e+00,1.000000000000000000e+00,5.000000000000000000e+00,2.000000000000000111e-01,-8.679974879269195753e+00
3.300000000000000000e+02,9.044867778887448750e-01,1.000000000000000000e+00,5.000000000000000000e+00,2.000000000000000111e-01,8.680296416247173852e+00
3.302000000000000455e+02,1.206820937051747755e+00,1.000000000000000000e+00,5.000000000000000000e+00,2.000000000000000111e-01,9.122288304764879285e+00
3.304000000000000341e+02,9.209843874460469371e-01,1.000000000000000000e+00,5.000000000000000000e+00,2.000000000000000111e-01,9.203894181099236960e-02
3.306000000000000227e+02,1.010877551529505647e+00,1.000000000000000000e+00,5.000000000000000000e+00,2.000000000000000111e-01,4.045618241966280948e+00
3.308000000000000114e+02,9.960215101866516374e-01,1.000000000000000000e+00,5.000000000000000000e+00,2.000000000000000111e-01,6.292843917272712417e-01
3.310000000000000000e+02,1.029006580527908277e+00,1.000000000000000000e+00,5.000000000000000000e+00,2.000000000000000111e-01,6.990374890796665852e+00
3.312000000000000455e+02,9.916360253772670275e-01,1.000000000000000000e+00,5.000000000000000000e+00,2.000000000000000111e-01,-8.317817165158237103e+00
3.314000000000000341e+02,1.023568905046515765e+00,1.000000000000000000e+00,5.000000000000000000e+00,2.000000000000000111e-01,2.907650559006263791e+00
3.316000000000000227e+02,1.064272427249795427e+00,1.000000000000000000e+00,5.000000000000000000e+00,2.000000000000000111e-01,4.871688865466190066e+00
3.318000000000000114e+02,1.062839821593213108e+00,1.000000000000000000e+00,5.000000000000000000e+00,2.000000000000000111e-01,-9.000609185494049314e+00
3.320000000000000000e+02,1.029157482787006916e+00,1.000000000000000000e+00,5.000000000000000000e+00,2.000000000000000111e-01,5.836086460407134524e+00
3.322000000000000455e+02,1.165521459243108016e+00,1.000000000000000000e+00,5.000000000000000000e+00,2.000000000000000111e-01,9.548827034290873428e+00
3.324000000000000341e+02,8.671023343972389386e-01,1.000000000000000000e+00,5.000000000000000000e+00,2.000000000000000111e-01,5.985417402427097855e+00
3.326000000000000227e+02,1.002612559588883734e+00,1.000000000000000000e+00,5.000000000000000000e+00,2.000000000000000111e-01,-4.084177934792894149e+00
3.328000000000000114e+02,9.399827685092144725e-01,1.000000000000000000e+00,5.000000000000000000e+00,2.000000000000000111e-01,-2.762230339968376747e+00
3.330000000000000000e+02,8.426944558484844583e-01,1.000000000000000000e+00,5.000000000000000000e+00,2.000000000000000111e-01,7.524608823153243975e+00
3.332000000000000455e+02,1.011696074371578380e+00,1.000000000000000000e+00,5.000000000000000000e+00,2.000000000000000111e-01,7.219591975048622601e+00
3.334000000000000341e+02,1.167952044800894651e+00,1.000000000000000000e+00,5.000000000000000000e+00,2.000000000000000111e-01,8.556754883674063450e+00
3.336000000000000227e+02,9.335449147990040331e-01,1.000000000000000000e+00,5.000000000000000000e+00,2.000000000000000111e-01,9.934966397184226139e-01
3.338000000000000114e+02,1.067411975203130359e+00,1.000000000000000000e+00,5.000000000000000000e+00,2.000000000000000111e-01,9.697567043482735016e+00
3.340000000000000000e+02,9.700692643583022079e-01,1.000000000000000000e+00,5.000000000000000000e+00,2.000000000000000111e-01,-6.581880484768223738e+00
3.342000000000000455e+02,7.824064324236750245e-01,1.000000000000000000e+00,5.000000000000000000e+00,2.000000000000000111e-01,-7.951287677606233117e+00
3.344000000000000341e+02,9.628115704155624233e-01,1.000000000000000000e+00,5.000000000000000000e+00,2.000000000000000111e-01,9.600900836438793107e+00
3.346000000000000227e+02,1.102868698200953013e+00,1.100000000000000089e+00,5.000000000000000000e+00,2.000000000000000111e-01,-7.403697901333055498e+00
3.348000000000000114e+02,9.810591817536280512e-01,1.100000000000000089e+00,5.000000000000000000e+00,2.000000000000000111e-01,-9.304636294642062211e+00
3.350000000000000000e+02,1.306831425086909082e+00,1.100000000000000089e+00,5.000000000000000000e+00,2.000000000000000111e-01,-2.376171418510781841e+00
3.352000000000000455e+02,9.526361412666392026e-01,1.100000000000000089e+00,5.000000000000000000e+00,2.000000000000000111e-01,-3.040327430249711860e+00
3.354000000000000341e+02,1.055315572384194489e+00,1.100000000000000089e+00,5.000000000000000000e+00,2.000000000000000111e-01,-3.497414913598198005e+00
3.356000000000000227e+02,1.282782448577259204e+00,1.100000000000000089e+00,5.000000000000000000e+00,2.000000000000000111e-01,-4.881354317449688729e+00
3.358000000000000114e+02,1.133171750666897015e+00,1.100000000000000089e+00,5.000000000000000000e+00,2.000000000000000111e-01,-5.754991008729617441e+00
3.360000000000000000e+02,1.019388932184939645e+00,1.100000000000000089e+00,5.000000000000000000e+00,2.000000000000000111e-01,-3.539084176530504777e-01
3.362000000000000455e+02,1.173564668547576240e+00,1.100000000000000089e+00,5.000000000000000000e+00,2.000000000000000111e-01,2.253119887741751981e+00
3.364000000000000341e+02,1.104035268821097482e+00,1.100000000000000089e+00,5.000000000000000000e+00,2.000000000000000111e-01,7.914396971294870298e+00
3.366000000000000227e+02,1.124106197586503209e+00,1.100000000000000089e+00,5.000000000000000000e+00,2.000000000000000111e-01,3.763360247512228085e+00
3.368000000000000114e+02,1.267034047485326997e+00,1.100000000000000089e+00,5.000000000000000000e+00,2.000000000000000111e-01,7.987856522428760542e+00
3.370000000000000000e+02,1.115352537405633448e+00,1.100000000000000089e+00,5.000000000000000000e+00,2.000000000000000111e-01,-3.099397389839706918e+00
3.372000000000000455e+02,1.110502175993665519e+00,1.100000000000000089e+00,5.000000000000000000e+00,2.000000000000000111e-01,2.406418721106760472e+00
3.374000000000000341e+02,9.220536755274050256e-01,1.100000000000000089e+00,5.000000000000000000e+00,2.000000000000000111e-01,1.528292452082860464e+00
3.376000000000000227e+02,1.033675379132120042e+00,1.100000000000000089e+00,5.000000000000000000e+00,2.000000000000000111e-01,1.942305490794524303e+00
3.378000000000000114e+02,1.121886199112849480e+00,1.100000000000000089e+00,5.000000000000000000e+00,2.000000000000000111e-01,-9.902093704260490625e+00
3.380000000000000000e+02,1.069818436924942606e+00,1.100000000000000089e+00,5.000000000000000000e+00,2.000000000000000111e-01,2.745869350388352004e+00
3.382000000000000455e+02,1.134775504579769834e+00,1.100000000000000089e+00,5.000000000000000000e+00,2.000000000000000111e-01,-6.159727261363112660e+00
3.384000000000000341e+02,1.089174998371348124e+00,1.100000000000000089e+00,5.000000000000000000e+00,2.000000000000000111e-01,2.033904155564908223e+00
3.386000000000000227e+02,1.149960142618736914e+00,1.100000000000000089e+00,5.000000000000000000e+00,2.000000000000000111e-01,7.816923942219673904e+00
3.388000000000000114e+02,1.242444881750487173e+00,1.100000000000000089e+00,5.000000000000000000e+00,2.000000000000000111e-01,4.863047668911358201e+00
3.390000000000000000e+02,1.037588167128573602e+00,1.100000000000000089e+00,5.000000000000000000e+00,2.000000000000000111e-01,-6.341431689428736362e+00
3.392000000000000455e+02,1.111624022190084604e+00,1.100000000000000089e+00,5.000000000000000000e+00,2.000000000000000111e-01,8.547705251183895570e+00
3.394000000000000341e+02,1.140487750289842506e+00,1.100000000000000089e+00,5.000000000000000000e+00,2.000000000000000111e-01,9.444960449026940097e+00
3.396000000000000227e+02,1.032569235649719586e+00,1.100000000000000089e+00,5.000000000000000000e+00,2.000000000000000111e-01,-8.310549454808104031e+00
3.398000000000000114e+02,9.176157014860421013e-01,1.100000000000000089e+00,5.000000000000000000e+00,2.000000000000000111e-01,8.357938362022451884e+00
3.400000000000000000e+02,1.207103329900162114e+00,1.100000000000000089e+00,5.000000000000000000e+00,2.000000000000000111e-01,3.484847675825857749e+00
3.402000000000000455e+02,1.048920053507773176e+00,1.100000000000000089e+00,5.000000000000000000e+00,2.000000000000000111e-01,-9.980142422638788702e+00
3.404000000000000341e+02,1.101852375184614763e+00,1.100000000000000089e+00,5.000000000000000000e+00,2.000000000000000111e-01,6.183554230372077853e+00
3.406000000000000227e+02,1.118672740240453489e+00,1.100000000000000089e+00,5.000000000000000000e+00,2.000000000000000111e-01,6.517102688747392847e+00
3.408000000000000114e+02,1.019697652581008418e+00,1.100000000000000089e+00,5.000000000000000000e+00,2.000000000000000111e-01,5.910114732979554475e+00
3.410000000000000000e+02,1.277158069760045978e+00,1.100000000000000089e+00,5.000000000000000000e+00,2.000000000000000111e-01,8.541243596902397428e+00
3.412000000000000455e+02,1.322541473469749818e+00,1.100000000000000089e+00,5.000000000000000000e+00,2.000000000000000111e-01,3.706163015501111602e-01
3.414000000000000341e+02,1.113663253710563739e+00,1.100000000000000089e+00,5.000000000000000000e+00,2.000000000000000111e-01,4.178719991294217451e+00
3.416000000000000227e+02,1.128369827792753632e+00,1.100000000000000089e+00,5.000000000000000000e+00,2.000000000000000111e-01,-2.512626280863774042e+00
3.418000000000000114e+02,1.022915677001130952e+00,1.100000000000000089e+00,5.000000000000000000e+00,2.000000000000000111e-01,-5.920736718181296432e+00
3.420000000000000000e+02,1.345249268714416857e+00,1.100000000000000089e+00,5.000000000000000000e+00,2.000000000000000111e-01,-9.549940922786683828e+00
3.422000000000000455e+02,1.035837598339713672e+00,1.100000000000000089e+00,5.000000000000000000e+00,2.000000000000000111e-01,2.679186019769392857e-01
3.424000000000000341e+02,1.135436601246297750e+00,1.100000000000000089e+00,5.000000000000000000e+00,2.000000000000000111e-01,-5.520883675576997440e+00
3.426000000000000227e+02,1.053735370815453987e+00,1.000000000000000000e+00,5.000000000000000000e+00,2.000000000000000111e-01,2.781103244400917163e+00
3.428000000000000114e+02,1.011745112072693020e+00,1.000000000000000000e+00,5.000000000000000000e+00,2.000000000000000111e-01,-4.877668828116954458e+00
3.430000000000000000e+02,1.153362216755087877e+00,1.000000000000000000e+00,5.000000000000000000e+00,2.000000000000000111e-01,8.011476976008111706e+00
3.432000000000000455e+02,1.073484055646853896e+00,1.000000000000000000e+00,5.000000000000000000e+00,2.000000000000000111e-01,5.960176303586912638e+00
3.434000000000000341e+02,9.473093219725796654e-01,1.000000000000000000e+00,5.000000000000000000e+00,2.000000000000000111e-01,7.219159493454668564e+00
3.436000000000000227e+02,9.706286114969292500e-01,1.000000000000000000e+00,5.000000000000000000e+00,2.000000000000000111e-01,2.224412733753782234e+00
3.438000000000000114e+02,9.418462586159378480e-01,1.000000000000000000e+00,5.000000000000000000e+00,2.000000000000000111e-01,7.966936017882765952e+00
3.440000000000000000e+02,1.010750639203579215e+00,1.000000000000000000e+00,5.000000000000000000e+00,2.000000000000000111e-01,-6.142474226249811764e+00
3.442000000000000455e+02,9.110767590322425002e-01,1.000000000000000000e+00,5.000000000000000000e+00,2.000000000000000111e-01,-6.405489582146424610e+00
3.444000000000000341e+02,9.502110733170773260e-01,1.000000000000000000e+00,5.000000000000000000e+00,2.000000000000000111e-01,-6.197476539016770758e+00
3.446000000000000227e+02,9.244556359701856518e-01,1.000000000000000000e+00,5.000000000000000000e+00,2.000000000000000111e-01,-4.202676384485213745e+00
3.448000000000000114e+02,1.038700786864823700e+00,1.000000000000000000e+00,5.000000000000000000e+00,2.000000000000000111e-01,5.949785885976762501e+00
3.450000000000000000e+02,1.030815726347009686e+00,1.000000000000000000e+00,5.000000000000000000e+00,2.000000000000000111e-01,-3.530172696278260247e+00
3.452000000000000455e+02,1.056876205434593263e+00,1.000000000000000000e+00,5.000000000000000000e+00,2.000000000000000111e-01,-9.513213831519351515e+00
3.454000000000000341e+02,9.317356766957205494e-01,1.000000000000000000e+00,5.000000000000000000e+00,2.000000000000000111e-01,-5.212165227973624582e+00
3.456000000000000227e+02,1.038943924795860507e+00,1.000000000000000000e+00,5.000000000000000000e+00,2.000000000000000111e-01,5.442854624798290075e+00
3.458000000000000114e+02,9.957944395820849115e-01,1.000000000000000000e+00,5.000000000000000000e+00,2.000000000000000111e-01,7.288339885114076822e-01
3.460000000000000000e+02,8.921672269616025552e-01,1.000000000000000000e+00,5.000000000000000000e+00,2.000000000000000111e-01,2.826596852828435757e+00
3.462000000000000455e+02,1.047803599199502500e+00,1.000000000000000000e+00,5.000000000000000000e+00,2.000000000000000111e-01,-6.224334383085555089e+00
3.464000000000000341e+02,1.035258490147909605e+00,1.000000000000000000e+00,5.000000000000000000e+00,2.000000000000000111e-01,6.848548605551521007e-01
3.466000000000000227e+02,1.035021404516650145e+00,1.000000000000000000e+00,5.000000000000000000e+00,2.000000000000000111e-01,-9.002837605338731564e+00
3.468000000000000114e+02,9.528269061864094169e-01,1.000000000000000000e+00,5.000000000000000000e+00,2.000000000000000111e-01,7.259118319109841622e+00
3.470000000000000000e+02,1.104637833958030724e+00,1.000000000000000000e+00,5.000000000000000000e+00,2.000000000000000111e-01,7.665553713867602426e+00
3.472000000000000455e+02,1.047587558976122102e+00,1.000000000000000000e+00,5.000000000000000000e+00,2.000000000000000111e-01,2.177483641682584903e+00
3.474000000000000341e+02,9.210646743183539265e-01,1.000000000000000000e+00,5.000000000000000000e+00,2.000000000000000111e-01,-7.177395990365214473e+00
3.476000000000000227e+02,9.545022152142563776e-01,1.000000000000000000e+00,5.000000000000000000e+00,2.000000000000000111e-01,8.656501791613326446e+00
3.478000000000000114e+02,1.089867832336381515e+00,1.000000000000000000e+00,5.000000000000000000e+00,2.000000000000000111e-01,-8.447022537502936856e+00
3.480000000000000000e+02,1.053052315051323351e+00,1.000000000000000000e+00,5.000000000000000000e+00,2.000000000000000111e-01,5.268776618107210652e+00
3.482000000000000455e+02,8.884501624613290183e-01,1.000000000000000000e+00,5.000000000000000000e+00,2.000000000000000111e-01,-5.437570873050423970e+00
3.484000000000000341e+02,9.581618351398862865e-01,1.000000000000000000e+00,5.000000000000000000e+00,2.000000000000000111e-01,-7.368759798722237520e+00
3.486000000000000227e+02,1.099626349924419877e+00,1.000000000000000000e+00,5.000000000000000000e+00,2.000000000000000111e-01,8.234325633463036809e+00
3.488000000000000114e+02,1.040412359169112566e+00,1.000000000000000000e+00,5.000000000000000000e+00,2.000000000000000111e-01,-7.100045152481797572e+00
3.490000000000000000e+02,9.591485579456927590e-01,1.000000000000000000e+00,5.000000000000000000e+00,2.000000000000000111e-01,7.936514261215506849e+00
3.492000000000000455e+02,9.988727809523868517e-01,1.000000000000000000e+00,5.000000000000000000e+00,2.000000000000000111e-01,1.587560449610679214e+00
3.494000000000000341e+02,1.026583772775303993e+00,1.000000000000000000e+00,5.000000000000000000e+00,2.000000000000000111e-01,-3.063935159766348448e+00
3.496000000000000227e+02,9.643114467120401656e-01,1.000000000000000000e+00,5.000000000000000000e+00,2.000000000000000111e-01,2.143638922923258860e+00
3.498000000000000114e+02,1.001117019689431897e+00,1.000000000000000000e+00,5.000000000000000000e+00,2.000000000000000111e-01,-1.160776317926995205e+00
3.500000000000000000e+02,9.733656694372262441e-01,1.000000000000000000e+00,5.000000000000000000e+00,2.000000000000000111e-01,5.903297330197538884e-01
3.502000000000000455e+02,1.070420284542319411e+00,1.000000000000000000e+00,5.000000000000000000e+00,2.000000000000000111e-01,-9.530592660269798344e+00
3.504000000000000341e+02,8.940053675136331313e-01,1.000000000000000000e+00,5.000000000000000000e+00,2.000000000000000111e-01,-4.806677390986817677e+00
3.506000000000000227e+02,8.897281880160264889e-01,1.000000000000000000e+00,5.000000000000000000e+00,2.000000000000000111e-01,5.285899366837121249e-01
3.508000000000000114e+02,1.015362946873768601e+00,1.000000000000000000e+00,5.000000000000000000e+00,2.000000000000000111e-01,-2.211729905755603909e-01
3.510000000000000000e+02,9.354911597588898564e-01,1.000000000000000000e+00,5.000000000000000000e+00,2.000000000000000111e-01,8.341815336015393711e+00
3.512000000000000455e+02,9.995167358008842928e-01,1.000000000000000000e+00,5.000000000000000000e+00,2.000000000000000111e-01,-7.770365890955838850e+00
3.514000000000000341e+02,9.023290712191440743e-01,1.000000000000000000e+00,5.000000000000000000e+00,2.000000000000000111e-01,-2.758540766299519831e+00
3.516000000000000227e+02,1.010082782640868260e+00,1.000000000000000000e+00,5.000000000000000000e+00,2.000000000000000111e-01,1.088565717476937422e+00
3.518000000000000114e+02,1.019329149865001449e+00,1.000000000000000000e+00,5.000000000000000000e+00,2.000000000000000111e-01,9.564320976526580864e+00
3.520000000000000000e+02,9.873521891714862608e-01,1.000000000000000000e+00,5.000000000000000000e+00,2.000000000000000111e-01,-2.240303699510313606e+00
3.522000000000000455e+02,9.974523070506963185e-01,1.000000000000000000e+00,5.000000000000000000e+00,2.000000000000000111e-01,7.899671464313861691e+00
3.524000000000000341e+02,1.005700572950812832e+00,1.000000000000000000e+00,5.000000000000000000e+00,2.000000000000000111e-01,1.165449586608946930e+00
3.526000000000000227e+02,9.598590046371897611e-01,1.000000000000000000e+00,5.000000000000000000e+00,2.000000000000000111e-01,6.256287097783825857e+00
3.528000000000000114e+02,1.036069466631016844e+00,1.000000000000000000e+00,5.000000000000000000e+00,2.000000000000000111e-01,-3.801053890030465787e+00
3.530000000000000000e+02,8.957585925911200064e-01,1.000000000000000000e+00,5.000000000000000000e+00,2.000000000000000111e-01,5.908352703094848835e+00
3.532000000000000455e+02,1.112040324067856023e+00,1.000000000000000000e+00,5.000000000000000000e+00,2.000000000000000111e-01,-5.211963672042243090e+00
3.534000000000000341e+02,9.510270691487484607e-01,1.000000000000000000e+00,5.000000000000000000e+00,2.000000000000000111e-01,8.902000328755722336e+00
3.536000000000000227e+02,9.485567894450454007e-01,1.000000000000000000e+00,5.000000000000000000e+00,2.000000000000000111e-01,-8.164867166829225198e+00
3.538000000000000114e+02,7.658941012954306737e-01,1.000000000000000000e+00,5.000000000000000000e+00,2.000000000000000111e-01,6.120441069754846808e+00
3.540000000000000000e+02,8.718752758245912338e-01,1.000000000000000000e+00,5.000000000000000000e+00,2.000000000000000111e-01,5.247574638165083627e+00
3.542000000000000455e+02,1.099696628395605558e+00,1.000000000000000000e+00,5.000000000000000000e+00,2.000000000000000111e-01,5.583751479146080499e+00
3.544000000000000341e+02,9.839665020944039497e-01,1.000000000000000000e+00,5.000000000000000000e+00,2.000000000000000111e-01,1.745269334396029492e+00
3.546000000000000227e+02,1.029658226028091095e+00,1.000000000000000000e+00,5.000000000000000000e+00,2.000000000000000111e-01,6.697427415729215738e-01
3.548000000000000114e+02,1.048798703050555892e+00,1.000000000000000000e+00,5.000000000000000000e+00,2.000000000000000111e-01,-9.638153038823196184e+00
3.550000000000000000e+02,1.117779697573539233e+00,1.000000000000000000e+00,5.000000000000000000e+00,2.000000000000000111e-01,8.666699143207612366e-01
3.552000000000000455e+02,9.624395512306102018e-01,1.000000000000000000e+00,5.000000000000000000e+00,2.000000000000000111e-01,4.232985577183026038e+00
3.554000000000000341e+02,9.943839088960215733e-01,1.000000000000000000e+00,5.000000000000000000e+00,2.000000000000000111e-01,-7.812450509824858003e+00
3.556000000000000227e+02,1.110748227280005995e+00,1.000000000000000000e+00,5.000000000000000000e+00,2.000000000000000111e-01,1.178081981120186583e+00
3.558000000000000114e+02,1.125588204068697973e+00,1.000000000000000000e+00,5.000000000000000000e+00,2.000000000000000111e-01,8.758437604224425854e+00
3.560000000000000000e+02,1.056448293276819550e+00,1.000000000000000000e+00,5.000000000000000000e+00,2.000000000000000111e-01,-4.988452426029796882e+00
3.562000000000000455e+02,1.001614526977383290e+00,1.000000000000000000e+00,5.000000000000000000e+00,2.000000000000000111e-01,-2.925899810561127801e+00
3.564000000000000341e+02,9.648539948295054014e-01,1.000000000000000000e+00,5.000000000000000000e+00,2.000000000000000111e-01,5.077223191367446375e+00
3.566000000000000227e+02,1.108475701400251534e+00,1.000000000000000000e+00,5.000000000000000000e+00,2.000000000000000111e-01,-8.678434437762678755e-01
3.568000000000000114e+02,9.746918765489969161e-01,1.000000000000000000e+00,5.000000000000000000e+00,2.000000000000000111e-01,-6.141216500507256093e+00
3.570000000000000000e+02,9.598934650201380592e-01,1.000000000000000000e+00,5.000000000000000000e+00,2.000000000000000111e-01,5.605948265661563568e+00
3.572000000000000455e+02,1.023562839886531739e+00,1.000000000000000000e+00,5.000000000000000000e+00,2.000000000000000111e-01,2.808190731020864916e+00
3.574000000000000341e+02,1.138274646345581287e+00,1.000000000000000000e+00,5.000000000000000000e+00,2.000000000000000111e-01,-2.727654576631699967e+00
3.576000000000000227e+02,9.774199879368067334e-01,1.000000000000000000e+00,5.000000000000000000e+00,2.000000000000000111e-01,-2.336193179273371001e+00
3.578000000000000114e+02,1.103947825974336716e+00,1.000000000000000000e+00,5.000000000000000000e+00,2.000000000000000111e-01,-7.821519064081523531e+00
3.580000000000000000e+02,1.054287337372023181e+00,1.000000000000000000e+00,5.000000000000000000e+00,2.000000000000000111e-01,8.131668421830763549e+00
3.582000000000000455e+02,1.078403014089598599e+00,1.000000000000000000e+00,5.000000000000000000e+00,2.000000000000000111e-01,-4.673766810793629212e+00
3.584000000000000341e+02,1.158798642667604240e+00,1.000000000000000000e+00,5.000000000000000000e+00,2.000000000000000111e-01,9.775209613216130577e+00
3.586000000000000227e+02,9.889979232625794037e-01,1.000000000000000000e+00,5.000000000000000000e+00,2.000000000000000111e-01,7.014323265689448306e+00
3.588000000000000114e+02,8.531923778184933305e-01,1.000000000000000000e+00,5.000000000000000000e+00,2.000000000000000111e-01,-5.864285078254594552e+00
3.590000000000000000e+02,1.038615483514371274e+00,1.000000000000000000e+00,5.000000000000000000e+00,2.000000000000000111e-01,7.959345014012363606e+00
3.592000000000000455e+02,9.836861147424695861e-01,1.000000000000000000e+00,5.000000000000000000e+00,2.000000000000000111e-01,6.661804258716927052e+00
3.594000000000000341e+02,1.045098836183300683e+00,1.000000000000000000e+00,5.000000000000000000e+00,2.000000000000000111e-01,7.963794484270856344e+00
3.596000000000000227e+02,9.325804162987342272e-01,1.000000000000000000e+00,5.000000000000000000e+00,2.000000000000000111e-01,6.325954908927130305e+00
3.598000000000000114e+02,1.099426155605975453e+00,1.000000000000000000e+00,5.000000000000000000e+00,2.000000000000000111e-01,-6.664036285442048069e+00
3.600000000000000000e+02,9.718403428739404992e-01,1.000000000000000000e+00,5.000000000000000000e+00,2.000000000000000111e-01,-8.391827199127352088e+00
3.602000000000000455e+02,1.053895194025372684e+00,1.000000000000000000e+00,5.000000000000000000e+00,2.000000000000000111e-01,-5.093534047494951977e+00
3.604000000000000341e+02,8.229387893614799054e-01,1.000000000000000000e+00,5.000000000000000000e+00,2.000000000000000111e-01,7.448382505506874196e-01
3.606000000000000227e+02,1.001468980235947326e+00,1.000000000000000000e+00,5.000000000000000000e+00,2.000000000000000111e-01,6.762458257387443439e+00
3.608000000000000114e+02,9.715612778943027994e-01,1.000000000000000000e+00,5.000000000000000000e+00,2.000000000000000111e-01,6.993415399614598016e+00
3.610000000000000000e+02,1.081601938448008227e+00,1.000000000000000000e+00,5.000000000000000000e+00,2.000000000000000111e-01,-3.007302241796690367e+00
3.612000000000000455e+02,9.305622111601041802e-01,1.000000000000000000e+00,5.000000000000000000e+00,2.000000000000000111e-01,7.856191170875565177e+00
3.614000000000000341e+02,1.020658627973005883e+00,1.100000000000000089e+00,5.000000000000000000e+00,2.000000000000000111e-01,3.734265503881335491e-01
3.616000000000000227e+02,1.076091700038152466e+00,1.100000000000000089e+00,5.000000000000000000e+00,2.000000000000000111e-01,6.504885331453820640e+00
3.618000000000000114e+02,1.126030148980935897e+00,1.100000000000000089e+00,5.000000000000000000e+00,2.000000000000000111e-01,-5.707320142181480094e-01
3.620000000000000000e+02,1.094141960242676737e+00,1.100000000000000089e+00,5.000000000000000000e+00,2.000000000000000111e-01,-5.728061437363480835e+00
3.622000000000000455e+02,1.015830816492136801e+00,1.100000000000000089e+00,5.000000000000000000e+00,2.000000000000000111e-01,-1.406992435355343574e+00
3.624000000000000341e+02,1.186543657776331973e+00,1.100000000000000089e+00,5.000000000000000000e+00,2.000000000000000111e-01,-2.804773799825914793e+00
3.626000000000000227e+02,1.198114591713062449e+00,1.100000000000000089e+00,5.000000000000000000e+00,2.000000000000000111e-01,-3.800633613929500498e+00
3.628000000000000114e+02,9.691011181195728907e-01,1.100000000000000089e+00,5.000000000000000000e+00,2.000000000000000111e-01,4.747456590247161046e-01
3.630000000000000000e+02,1.075954630235036680e+00,1.100000000000000089e+00,5.000000000000000000e+00,2.000000000000000111e-01,7.259890394663482738e+00
3.632000000000000455e+02,9.577807651903242903e-01,1.100000000000000089e+00,5.000000000000000000e+00,2.000000000000000111e-01,-7.777605063085726300e+00
3.634000000000000341e+02,9.654148536805083891e-01,1.100000000000000089e+00,5.000000000000000000e+00,2.000000000000000111e-01,4.683729862581868630e+00
3.636000000000000227e+02,1.051047431094633833e+00,1.100000000000000089e+00,5.000000000000000000e+00,2.000000000000000111e-01,7.436562467691608447e+00
3.638000000000000114e+02,1.033585228439958037e+00,1.100000000000000089e+00,5.000000000000000000e+00,2.000000000000000111e-01,2.810932958052498876e+00
3.640000000000000000e+02,9.128179563241780592e-01,1.100000000000000089e+00,5.000000000000000000e+00,2.000000000000000111e-01,-6.193293389089580714e+00
3.642000000000000455e+02,1.122330380992529575e+00,1.100000000000000089e+00,5.000000000000000000e+00,2.000000000000000111e-01,6.356959770262665899e+00
3.644000000000000341e+02,1.126534832514219708e+00,1.100000000000000089e+00,5.000000000000000000e+00,2.000000000000000111e-01,-3.792249914847507952e+00
3.646000000000000227e+02,1.005747513772013546e+00,1.100000000000000089e+00,5.000000000000000000e+00,2.000000000000000111e-01,-3.399121135769604507e+00
3.648000000000000114e+02,9.733758713793865258e-01,1.100000000000000089e+00,5.000000000000000000e+00,2.000000000000000111e-01,-6.008452963992782614e+00
3.650000000000000000e+02,1.233353030628455915e+00,1.100000000000000089e+00,5.000000000000000000e+00,2.000000000000000111e-01,-5.688790693132538934e+00
3.652000000000000455e+02,1.183678067470310014e+00,1.100000000000000089e+00,5.000000000000000000e+00,2.000000000000000111e-01,3.518935749672726487e+00
3.654000000000000341e+02,1.164984381133848945e+00,1.100000000000000089e+00,5.000000000000000000e+00,2.000000000000000111e-01,-8.373052789499041637e+00
3.656000000000000227e+02,1.218943563137022457e+00,1.100000000000000089e+00,5.000000000000000000e+00,2.000000000000000111e-01,5.211603352974016445e+00
3.658000000000000114e+02,1.023228799656476840e+00,1.100000000000000089e+00,5.000000000000000000e+00,2.000000000000000111e-01,-5.044333530801634602e+00
3.660000000000000000e+02,1.017378744774497523e+00,1.100000000000000089e+00,5.000000000000000000e+00,2.000000000000000111e-01,-3.411451110562902400e+00
3.662000000000000455e+02,1.138311932273476934e+00,1.100000000000000089e+00,5.000000000000000000e+00,2.000000000000000111e-01,1.151996536287606787e+00
3.664000000000000341e+02,1.167870536724498365e+00,1.100000000000000089e+00,5.000000000000000000e+00,2.000000000000000111e-01,3.411779649350357602e+00
3.666000000000000227e+02,1.078697130610410948e+00,1.100000000000000089e+00,5.000000000000000000e+00,2.000000000000000111e-01,-6.259813513441335076e+00
3.668000000000000114e+02,1.063990491979953212e+00,1.100000000000000089e+00,5.000000000000000000e+00,2.000000000000000111e-01,3.769375430624537060e+00
3.670000000000000000e+02,1.119302646364809473e+00,1.100000000000000089e+00,5.000000000000000000e+00,2.000000000000000111e-01,-8.533559900572537771e+00
3.672000000000000455e+02,1.135390506430627555e+00,1.100000000000000089e+00,5.000000000000000000e+00,2.000000000000000111e-01,-1.580265324488458134e+00
3.674000000000000341e+02,1.226187367396658345e+00,1.100000000000000089e+00,5.000000000000000000e+00,2.000000000000000111e-01,-2.985668799228971437e+00
3.676000000000000227e+02,1.091936734350967608e+00,1.100000000000000089e+00,5.000000000000000000e+00,2.000000000000000111e-01,-4.646970128977628178e+00
3.678000000000000114e+02,1.086206450713538052e+00,1.100000000000000089e+00,5.000000000000000000e+00,2.000000000000000111e-01,-1.563215726939473527e+00
3.680000000000000000e+02,1.014049851255374390e+00,1.100000000000000089e+00,5.000000000000000000e+00,2.000000000000000111e-01,-8.663121174797119295e-01
3.682000000000000455e+02,1.223480664684140518e+00,1.100000000000000089e+00,5.000000000000000000e+00,2.000000000000000111e-01,-5.171855884176428830e+00
3.684000000000000341e+02,1.064686936627868841e+00,1.100000000000000089e+00,5.000000000000000000e+00,2.000000000000000111e-01,1.094104115834504398e-02
3.686000000000000227e+02,1.267164842762959820e+00,1.100000000000000089e+00,5.000000000000000000e+00,2.000000000000000111e-01,3.412531220111070240e+00
3.688000000000000114e+02,1.134306103360154916e+00,1.100000000000000089e+00,5.000000000000000000e+00,2.000000000000000111e-01,1.452337053924175336e+00
3.690000000000000000e+02,1.061218566064805247e+00,1.100000000000000089e+00,5.000000000000000000e+00,2.000000000000000111e-01,8.071981970199921363e+00
3.692000000000000455e+02,1.132036063691049810e+00,1.100000000000000089e+00,5.000000000000000000e+00,2.000000000000000111e-01,8.092243791935494812e+00
3.694000000000000341e+02,1.086217318759800987e+00,1.100000000000000089e+00,5.000000000000000000e+00,2.000000000000000111e-01,-1.064512176132080157e+00
3.696000000000000227e+02,1.019853389051366133e+00,1.100000000000000089e+00,5.000000000000000000e+00,2.000000000000000111e-01,-5.572560113041804541e+00
3.698000000000000114e+02,1.005293249649176435e+00,1.100000000000000089e+00,5.000000000000000000e+00,2.000000000000000111e-01,-7.712627101239584171e+00
3.700000000000000000e+02,1.045930242832602719e+00,1.100000000000000089e+00,5.000000000000000000e+00,2.000000000000000111e-01,-3.725410027698925930e+00
3.702000000000000455e+02,1.210686109588145820e+00,1.100000000000000089e+00,5.000000000000000000e+00,2.000000000000000111e-01,-6.379589015548711828e+00
3.704000000000000341e+02,1.156639458543834209e+00,1.100000000000000089e+00,5.000000000000000000e+00,2.000000000000000111e-01,-3.787009137392631786e+00
3.706000000000000227e+02,1.147882142146827933e+00,1.100000000000000089e+00,5.000000000000000000e+00,2.000000000000000111e-01,-2.554558437577187924e+00
3.708000000000000114e+02,9.579474894849956401e-01,1.100000000000000089e+00,5.000000000000000000e+00,2.000000000000000111e-01,7.535353171272312522e+00
3.710000000000000000e+02,1.245310234518183012e+00,1.100000000000000089e+00,5.000000000000000000e+00,2.000000000000000111e-01,1.263654980569768327e-01
3.712000000000000455e+02,1.152035746250670734e+00,1.100000000000000089e+00,5.000000000000000000e+00,2.000000000000000111e-01,-7.046686086410312022e+00
3.714000000000000341e+02,1.094799303469536023e+00,1.100000000000000089e+00,5.000000000000000000e+00,2.000000000000000111e-01,-8.725931871776111848e+00
3.716000000000000227e+02,1.064620458476656095e+00,1.100000000000000089e+00,5.000000000000000000e+00,2.000000000000000111e-01,2.220375888770709238e+00
3.718000000000000114e+02,1.276674912170607135e+00,1.100000000000000089e+00,5.000000000000000000e+00,2.000000000000000111e-01,-7.022441290534644054e+00
3.720000000000000000e+02,1.098908242495228116e+00,1.100000000000000089e+00,5.000000000000000000e+00,2.000000000000000111e-01,5.877907018349075585e+00
3.722000000000000455e+02,1.135899208909181057e+00,1.100000000000000089e+00,5.000000000000000000e+00,2.000000000000000111e-01,-7.012720760448383217e+00
3.724000000000000341e+02,1.207328351541178346e+00,1.100000000000000089e+00,5.000000000000000000e+00,2.000000000000000111e-01,8.209275128950377365e+00
3.726000000000000227e+02,1.017896698727400073e+00,1.100000000000000089e+00,5.000000000000000000e+00,2.000000000000000111e-01,1.778783267780177368e-01
3.728000000000000114e+02,1.255109736953120780e+00,1.100000000000000089e+00,5.000000000000000000e+00,2.000000000000000111e-01,-2.894621748650878956e+00
3.730000000000000000e+02,8.873477004336449703e-01,1.100000000000000089e+00,5.000000000000000000e+00,2.000000000000000111e-01,1.569144260598134721e+00
3.732000000000000455e+02,1.072374147638280428e+00,1.100000000000000089e+00,5.000000000000000000e+00,2.000000000000000111e-01,5.059780238116395878e+00
3.734000000000000341e+02,1.066623672035303949e+00,1.100000000000000089e+00,5.000000000000000000e+00,2.000000000000000111e-01,5.287805855969871516e+00
3.736000000000000227e+02,1.154701013267087628e+00,1.100000000000000089e+00,5.000000000000000000e+00,2.000000000000000111e-01,6.792427623251874991e+00
3.738000000000000114e+02,1.014192309430726358e+00,1.100000000000000089e+00,5.000000000000000000e+00,2.000000000000000111e-01,6.751895607215541162e+00
3.740000000000000000e+02,1.015356289876222284e+00,1.100000000000000089e+00,5.000000000000000000e+00,2.000000000000000111e-01,7.924094966031951515e-01
3.742000000000000455e+02,1.083050045814951901e+00,1.100000000000000089e+00,5.000000000000000000e+00,2.000000000000000111e-01,-1.487610087638966405e+00
3.744000000000000341e+02,1.209290920957921234e+00,1.100000000000000089e+00,5.000000000000000000e+00,2.000000000000000111e-01,-1.775352916758377475e+00
3.746000000000000227e+02,1.129818604604543086e+00,1.100000000000000089e+00,5.000000000000000000e+00,2.000000000000000111e-01,-9.332197967752600576e+00
3.748000000000000114e+02,1.088881641012195312e+00,1.100000000000000089e+00,5.000000000000000000e+00,2.000000000000000111e-01,7.584855872585517744e+00
3.750000000000000000e+02,1.054644901355476172e+00,1.100000000000000089e+00,5.000000000000000000e+00,2.000000000000000111e-01,4.779921413947324282e+00
3.752000000000000455e+02,1.040656002175037953e+00,1.100000000000000089e+00,5.000000000000000000e+00,2.000000000000000111e-01,-9.442480076352381957e+00
3.754000000000000341e+02,1.057318122887300316e+00,1.100000000000000089e+00,5.000000000000000000e+00,2.000000000000000111e-01,-9.525877359577012982e+00
3.756000000000000227e+02,1.171132157978268529e+00,1.100000000000000089e+00,5.000000000000000000e+00,2.000000000000000111e-01,-8.980768392521742527e+00
3.758000000000000114e+02,1.057629774356307673e+00,1.100000000000000089e+00,5.000000000000000000e+00,2.000000000000000111e-01,-1.844618003603990530e+00
3.760000000000000000e+02,1.249473755904825900e+00,1.100000000000000089e+00,5.000000000000000000e+00,2.000000000000000111e-01,6.494005197843701893e+00
3.762000000000000455e+02,1.205273117206461686e+00,1.100000000000000089e+00,5.000000000000000000e+00,2.000000000000000111e-01,-7.310396402708008168e+00
3.764000000000000341e+02,1.109301758196049148e+00,1.100000000000000089e+00,5.000000000000000000e+00,2.000000000000000111e-01,-5.359657834433431134e+00
3.766000000000000227e+02,1.068898909540678011e+00,1.000000000000000000e+00,5.000000000000000000e+00,2.000000000000000111e-01,-6.888311930393554050e+00
3.768000000000000114e+02,9.358232489825859535e-01,1.000000000000000000e+00,5.000000000000000000e+00,2.000000000000000111e-01,5.259128395792396660e+00
3.770000000000000000e+02,9.825901496012685588e-01,1.000000000000000000e+00,5.000000000000000000e+00,2.000000000000000111e-01,-5.264192397309570559e+00
3.772000000000000455e+02,9.632341298716396993e-01,1.000000000000000000e+00,5.000000000000000000e+00,2.000000000000000111e-01,4.484750645073248165e+00
3.774000000000000341e+02,9.586764234152662656e-01,1.000000000000000000e+00,5.000000000000000000e+00,2.000000000000000111e-01,5.051667551697960334e+00
3.776000000000000227e+02,1.054898213760241399e+00,1.000000000000000000e+00,5.000000000000000000e+00,2.000000000000000111e-01,7.677603488688760081e-01
3.778000000000000114e+02,9.744913485572573864e-01,1.000000000000000000e+00,5.000000000000000000e+00,2.000000000000000111e-01,-5.903131809490266946e+00
3.780000000000000000e+02,7.731887582555273530e-01,1.000000000000000000e+00,5.000000000000000000e+00,2.000000000000000111e-01,9.114491702651463356e+00
3.782000000000000455e+02,8.816157382402330933e-01,1.000000000000000000e+00,5.000000000000000000e+00,2.000000000000000111e-01,4.357268783128066758e+00
3.784000000000000341e+02,1.076729449047448828e+00,1.000000000000000000e+00,5.000000000000000000e+00,2.000000000000000111e-01,-5.850660999923218419e+00
3.786000000000000227e+02,1.020104853040348036e+00,9.000000000000000222e-01,5.000000000000000000e+00,2.000000000000000111e-01,5.806929621173219758e+00
3.788000000000000114e+02,7.798325089514325237e-01,9.000000000000000222e-01,5.000000000000000000e+00,2.000000000000000111e-01,-6.876342860289799575e+00
3.790000000000000000e+02,1.043663292782702534e+00,9.000000000000000222e-01,5.000000000000000000e+00,2.000000000000000111e-01,9.610095469349463571e+00
3.792000000000000455e+02,1.032462900111376758e+00,9.000000000000000222e-01,5.000000000000000000e+00,2.000000000000000111e-01,-1.102198981138613476e-01
3.794000000000000341e+02,8.185552679242975582e-01,9.000000000000000222e-01,5.000000000000000000e+00,2.000000000000000111e-01,4.815070261380906658e+00
3.796000000000000227e+02,8.268879440842260564e-01,9.000000000000000222e-01,5.000000000000000000e+00,2.000000000000000111e-01,-4.231408113557009187e+00
3.798000000000000114e+02,7.414479819519691484e-01,9.000000000000000222e-01,5.000000000000000000e+00,2.000000000000000111e-01,3.320111169519135430e+00
3.800000000000000000e+02,8.595459388707126225e-01,9.000000000000000222e-01,5.000000000000000000e+00,2.000000000000000111e-01,-2.947464302100284428e+00
3.802000000000000455e+02,8.741377638700000841e-01,9.000000000000000222e-01,5.000000000000000000e+00,2.000000000000000111e-01,8.315856750330585356e+00
3.804000000000000341e+02,9.601714112956369895e-01,9.000000000000000222e-01,5.000000000000000000e+00,2.000000000000000111e-01,-3.758928887626113990e+00
3.806000000000000227e+02,9.771508329534077664e-01,9.000000000000000222e-01,5.000000000000000000e+00,2.000000000000000111e-01,4.236582222665495223e+00
3.808000000000000114e+02,8.338066275514451897e-01,9.000000000000000222e-01,5.000000000000000000e+00,2.000000000000000111e-01,-4.137812806421987233e+00
3.810000000000000000e+02,8.494145501398723264e-01,9.000000000000000222e-01,5.000000000000000000e+00,2.000000000000000111e-01,9.010933024533333224e+00
3.812000000000000455e+02,8.902140704449930109e-01,9.000000000000000222e-01,5.000000000000000000e+00,2.000000000000000111e-01,2.938037640304029807e+00
3.814000000000000341e+02,9.093946100139332911e-01,9.000000000000000222e-01,5.000000000000000000e+00,2.000000000000000111e-01,6.143357395981826841e+00
3.816000000000000227e+02,8.446420684721959171e-01,9.000000000000000222e-01,5.000000000000000000e+00,2.000000000000000111e-01,5.947919431608287510e+00
3.818000000000000114e+02,8.637777700827362626e-01,9.000000000000000222e-01,5.000000000000000000e+00,2.000000000000000111e-01,-6.199226291269055444e+00
3.820000000000000000e+02,1.039892682690363834e+00,9.000000000000000222e-01,5.000000000000000000e+00,2.000000000000000111e-01,-4.572510756972596013e+00
3.822000000000000455e+02,9.176692860434870758e-01,9.000000000000000222e-01,5.000000000000000000e+00,2.000000000000000111e-01,-4.070525168004330396e+00
3.824000000000000341e+02,9.351158990437552498e-01,9.000000000000000222e-01,5.000000000000000000e+00,2.000000000000000111e-01,7.290528148060527514e+00
3.826000000000000227e+02,7.344859295640735475e-01,9.000000000000000222e-01,5.000000000000000000e+00,2.000000000000000111e-01,-6.459302371251432362e+00
3.828000000000000114e+02,1.001884338707774713e+00,9.000000000000000222e-01,5.000000000000000000e+00,2.000000000000000111e-01,-3.989314333798922974e+00
3.830000000000000000e+02,8.928124531409354914e-01,9.000000000000000222e-01,5.000000000000000000e+00,2.000000000000000111e-01,-9.915339733504067610e+00
3.832000000000000455e+02,8.780694932215583615e-01,9.000000000000000222e-01,5.000000000000000000e+00,2.000000000000000111e-01,7.633536841758466807e+00
3.834000000000000341e+02,7.051852203814291675e-01,9.000000000000000222e-01,5.000000000000000000e+00,2.000000000000000111e-01,1.788280772614086800e+00
3.836000000000000227e+02,8.114836126953903772e-01,9.000000000000000222e-01,5.000000000000000000e+00,2.000000000000000111e-01,2.610432005200857830e+00
3.838000000000000114e+02,8.772715018863964653e-01,9.000000000000000222e-01,5.000000000000000000e+00,2.000000000000000111e-01,7.839397022491571221e+00
3.840000000000000000e+02,8.627901786657070637e-01,9.000000000000000222e-01,5.000000000000000000e+00,2.000000000000000111e-01,3.939405501485291339e+00
3.842000000000000455e+02,1.016099949699899918e+00,9.000000000000000222e-01,5.000000000000000000e+00,2.000000000000000111e-01,3.445354221672198847e+00
3.844000000000000341e+02,7.901154860832565463e-01,9.000000000000000222e-01,5.000000000000000000e+00,2.000000000000000111e-01,-2.360483695805375426e+00
3.846000000000000227e+02,9.934957090479816788e-01,9.000000000000000222e-01,5.000000000000000000e+00,2.000000000000000111e-01,-2.091367836352513443e+00
3.848000000000000114e+02,8.370855863512081108e-01,9.000000000000000222e-01,5.000000000000000000e+00,2.000000000000000111e-01,7.720685860879889617e+00
3.850000000000000000e+02,7.546121332668707105e-01,9.000000000000000222e-01,5.000000000000000000e+00,2.000000000000000111e-01,8.076298928853066883e+00
3.852000000000000455e+02,8.903055131991329807e-01,9.000000000000000222e-01,5.000000000000000000e+00,2.000000000000000111e-01,-1.420219836953283021e+00
3.854000000000000341e+02,1.096040870671759260e+00,1.100000000000000089e+00,5.000000000000000000e+00,2.000000000000000111e-01,-4.300564918761747180e+00
3.856000000000000227e+02,1.021466304939744774e+00,1.100000000000000089e+00,5.000000000000000000e+00,2.000000000000000111e-01,-9.480790155431380484e+00
3.858000000000000114e+02,1.167750512158323595e+00,1.100000000000000089e+00,5.000000000000000000e+00,2.000000000000000111e-01,-9.084746765719515338e+00
3.860000000000000000e+02,1.007384141131026478e+00,1.100000000000000089e+00,5.000000000000000000e+00,2.000000000000000111e-01,-1.770072644116496008e-01
3.862000000000000455e+02,1.068318320802840393e+00,1.100000000000000089e+00,5.000000000000000000e+00,2.000000000000000111e-01,3.696699361470907164e+00
3.864000000000000341e+02,1.064719523637011944e+00,1.100000000000000089e+00,5.000000000000000000e+00,2.000000000000000111e-01,-4.359674773293463090e+00
3.866000000000000227e+02,9.979489913682466629e-01,1.100000000000000089e+00,5.000000000000000000e+00,2.000000000000000111e-01,8.706518669844744096e+00
3.868000000000000114e+02,1.046433525573602807e+00,1.100000000000000089e+00,5.000000000000000000e+00,2.000000000000000111e-01,3.161744456504688827e+00
3.870000000000000000e+02,1.142807890028520568e+00,1.100000000000000089e+00,5.000000000000000000e+00,2.000000000000000111e-01,-3.723819607329965642e+00
3.872000000000000455e+02,1.130899444796708231e+00,1.100000000000000089e+00,5.000000000000000000e+00,2.000000000000000111e-01,2.062696094609052011e+00
3.874000000000000341e+02,9.159646484978394287e-01,1.100000000000000089e+00,5.000000000000000000e+00,2.000000000000000111e-01,-5.429398913421272788e+00
3.876000000000000227e+02,1.256525494742489757e+00,1.100000000000000089e+00,5.000000000000000000e+00,2.000000000000000111e-01,9.356082824561099187e+00
3.878000000000000114e+02,9.355090877911975689e-01,1.100000000000000089e+00,5.000000000000000000e+00,2.000000000000000111e-01,-2.076079070870822108e-01
3.880000000000000000e+02,1.085619005579856244e+00,1.100000000000000089e+00,5.000000000000000000e+00,2.000000000000000111e-01,-2.665110622469743618e+00
3.882000000000000455e+02,1.317379420937168533e+00,1.100000000000000089e+00,5.000000000000000000e+00,2.000000000000000111e-01,-6.218927890550000726e+00
3.884000000000000341e+02,1.243573358995403000e+00,1.100000000000000089e+00,5.000000000000000000e+00,2.000000000000000111e-01,8.329576712214439738e+00
3.886000000000000227e+02,9.669283881157135774e-01,1.100000000000000089e+00,5.000000000000000000e+00,2.000000000000000111e-01,8.608322765722565606e+00
3.888000000000000114e+02,1.044720105403929455e+00,1.100000000000000089e+00,5.000000000000000000e+00,2.000000000000000111e-01,9.965609421936285628e+00
3.890000000000000000e+02,1.030291895436108440e+00,1.100000000000000089e+00,5.000000000000000000e+00,2.000000000000000111e-01,-7.777206243832441857e+00
3.892000000000000455e+02,1.175630022700425048e+00,1.100000000000000089e+00,5.000000000000000000e+00,2.000000000000000111e-01,7.466636818623648253e+00
3.894000000000000341e+02,1.229436281015449994e+00,1.100000000000000089e+00,5.000000000000000000e+00,2.000000000000000111e-01,5.464563290720443334e+00
3.896000000000000227e+02,1.035892201429180259e+00,1.100000000000000089e+00,5.000000000000000000e+00,2.000000000000000111e-01,5.715456904324106802e+00
3.898000000000000114e+02,1.161334076038535557e+00,1.100000000000000089e+00,5.000000000000000000e+00,2.000000000000000111e-01,4.815210214272445555e+00
3.900000000000000000e+02,1.085224331740580084e+00,1.100000000000000089e+00,5.000000000000000000e+00,2.000000000000000111e-01,3.114756504061341857e+00
3.902000000000000455e+02,1.201278482752303089e+00,1.100000000000000089e+00,5.000000000000000000e+00,2.000000000000000111e-01,-1.970767409359874378e+00
3.904000000000000341e+02,1.004537472135004439e+00,1.100000000000000089e+00,5.000000000000000000e+00,2.000000000000000111e-01,7.088083376344641806e+00
3.906000000000000227e+02,1.062104708490354321e+00,1.000000000000000000e+00,5.000000000000000000e+00,2.000000000000000111e-01,4.037585320910983100e+00
3.908000000000000114e+02,1.070999030913312833e+00,1.000000000000000000e+00,5.000000000000000000e+00,2.000000000000000111e-01,7.553649544883921152e+00
3.910000000000000000e+02,1.033181575270323949e+00,1.000000000000000000e+00,5.000000000000000000e+00,2.000000000000000111e-01,8.206522197045934774e+00
3.912000000000000455e+02,9.519086026920171584e-01,1.000000000000000000e+00,5.000000000000000000e+00,2.000000000000000111e-01,-5.603565636024874230e+00
3.914000000000000341e+02,1.074647332500000330e+00,1.000000000000000000e+00,5.000000000000000000e+00,2.000000000000000111e-01,-2.744481454560592226e-01
3.916000000000000227e+02,9.188628726578025319e-01,1.000000000000000000e+00,5.000000000000000000e+00,2.000000000000000111e-01,6.074982640313969284e+00
3.918000000000000114e+02,8.331650610004923685e-01,1.000000000000000000e+00,5.000000000000000000e+00,2.000000000000000111e-01,2.617889730129945747e+00
3.920000000000000000e+02,1.006827192667354876e+00,1.000000000000000000e+00,5.000000000000000000e+00,2.000000000000000111e-01,1.106658136606954557e+00
3.922000000000000455e+02,1.100499700446473827e+00,1.000000000000000000e+00,5.000000000000000000e+00,2.000000000000000111e-01,9.880392453701084321e+00
3.924000000000000341e+02,8.568063228062464676e-01,1.000000000000000000e+00,5.000000000000000000e+00,2.000000000000000111e-01,-7.204820683760941868e+00
3.926000000000000227e+02,1.053788658638843412e+00,1.000000000000000000e+00,5.000000000000000000e+00,2.000000000000000111e-01,-6.411754245079714920e+00
3.928000000000000114e+02,9.373501695892804131e-01,1.000000000000000000e+00,5.000000000000000000e+00,2.000000000000000111e-01,-1.725735428556030016e+00
3.930000000000000000e+02,1.130402654838871479e+00,1.000000000000000000e+00,5.000000000000000000e+00,2.000000000000000111e-01,-6.707099794861615116e+00
3.932000000000000455e+02,1.046552267509659240e+00,1.000000000000000000e+00,5.000000000000000000e+00,2.000000000000000111e-01,5.510723166669915685e+00
3.934000000000000341e+02,9.717533013400370123e-01,1.000000000000000000e+00,5.000000000000000000e+00,2.000000000000000111e-01,-7.562644465537284866e+00
3.936000000000000227e+02,9.587568215826707263e-01,1.000000000000000000e+00,5.000000000000000000e+00,2.000000000000000111e-01,-7.831348861511903792e+00
3.938000000000000114e+02,9.593269304093966499e-01,1.000000000000000000e+00,5.000000000000000000e+00,2.000000000000000111e-01,6.441253273487500763e+00
3.940000000000000000e+02,1.003037144797494395e+00,1.000000000000000000e+00,5.000000000000000000e+00,2.000000000000000111e-01,4.924062601465893252e+00
3.942000000000000455e+02,9.331601953741081035e-01,1.000000000000000000e+00,5.000000000000000000e+00,2.000000000000000111e-01,-3.084385409289969182e+00
3.944000000000000341e+02,8.596183623534822127e-01,1.000000000000000000e+00,5.000000000000000000e+00,2.000000000000000111e-01,8.480038631007289496e-01
3.946000000000000227e+02,9.677296929106633527e-01,1.000000000000000000e+00,5.000000000000000000e+00,2.000000000000000111e-01,6.033835649222719866e+00
3.948000000000000114e+02,1.068399821077667289e+00,1.000000000000000000e+00,5.000000000000000000e+00,2.000000000000000111e-01,-1.386582127492451022e+00
3.950000000000000000e+02,9.955593313175952197e-01,1.000000000000000000e+00,5.000000000000000000e+00,2.000000000000000111e-01,-7.100266301358228560e+00
3.952000000000000455e+02,1.025818234884760205e+00,1.000000000000000000e+00,5.000000000000000000e+00,2.000000000000000111e-01,-2.746132844188558408e+00
3.954000000000000341e+02,9.828533015192508770e-01,1.000000000000000000e+00,5.000000000000000000e+00,2.000000000000000111e-01,-1.442660876089043143e+00
3.956000000000000227e+02,9.721575696703235181e-01,1.000000000000000000e+00,5.000000000000000000e+00,2.000000000000000111e-01,9.154586771796175526e+00
3.958000000000000114e+02,8.224414204129307793e-01,1.000000000000000000e+00,5.000000000000000000e+00,2.000000000000000111e-01,9.458692522999548657e+00
3.960000000000000000e+02,9.164636067945208797e-01,1.000000000000000000e+00,5.000000000000000000e+00,2.000000000000000111e-01,5.238316652650102156e+00
3.962000000000000455e+02,9.940892520842954383e-01,1.000000000000000000e+00,5.000000000000000000e+00,2.000000000000000111e-01,-9.961293978022476736e+00
3.964000000000000341e+02,1.085761691949954866e+00,1.000000000000000000e+00,5.000000000000000000e+00,2.000000000000000111e-01,-2.870772342259362730e+00
3.966000000000000227e+02,9.945032524842556398e-01,1.000000000000000000e+00,5.000000000000000000e+00,2.000000000000000111e-01,-2.787302168428647420e+00
3.968000000000000114e+02,1.083924731481155757e+00,1.000000000000000000e+00,5.000000000000000000e+00,2.000000000000000111e-01,1.846128844699419957e+00
3.970000000000000000e+02,1.082551831758928218e+00,1.000000000000000000e+00,5.000000000000000000e+00,2.000000000000000111e-01,-4.704077229888512512e+00
3.972000000000000455e+02,7.889352206677472390e-01,1.000000000000000000e+00,5.000000000000000000e+00,2.000000000000000111e-01,7.517200313602558026e+00
3.974000000000000341e+02,9.984825207158959381e-01,1.000000000000000000e+00,5.000000000000000000e+00,2.000000000000000111e-01,6.546550612922636958e+00
3.976000000000000227e+02,1.122797619099539457e+00,1.000000000000000000e+00,5.000000000000000000e+00,2.000000000000000111e-01,-3.713262145333202646e+00
3.978000000000000114e+02,9.028361691824409174e-01,1.000000000000000000e+00,5.000000000000000000e+00,2.000000000000000111e-01,-9.573199210062632858e+00
3.980000000000000000e+02,1.131047776473822708e+00,1.000000000000000000e+00,5.000000000000000000e+00,2.000000000000000111e-01,-9.067947690483386225e+00
3.982000000000000455e+02,1.091508356839305360e+00,1.000000000000000000e+00,5.000000000000000000e+00,2.000000000000000111e-01,6.975154534989940203e-01
3.984000000000000341e+02,1.046510313948485926e+00,1.000000000000000000e+00,5.000000000000000000e+00,2.000000000000000111e-01,-2.184825593071249017e+00
3.986000000000000227e+02,1.139365431708079690e+00,1.000000000000000000e+00,5.000000000000000000e+00,2.000000000000000111e-01,7.817248562242120613e+00
3.988000000000000114e+02,1.057096146263517555e+00,1.000000000000000000e+00,5.000000000000000000e+00,2.000000000000000111e-01,3.906521433399687382e+00
3.990000000000000000e+02,9.604597793857198029e-01,1.000000000000000000e+00,5.000000000000000000e+00,2.000000000000000111e-01,-8.797118678045539042e-01
3.992000000000000455e+02,8.878488909059706335e-01,1.000000000000000000e+00,5.000000000000000000e+00,2.000000000000000111e-01,-3.794836799702832053e+00
3.994000000000000341e+02,1.128562840037180326e+00,1.000000000000000000e+00,5.000000000000000000e+00,2.000000000000000111e-01,1.663288535104554100e+00
3.996000000000000227e+02,9.917559961484474496e-01,1.000000000000000000e+00,5.000000000000000000e+00,2.000000000000000111e-01,-1.499345273150360924e+00
3.998000000000000114e+02,1.143798067634635540e+00,1.000000000000000000e+00,5.000000000000000000e+00,2.000000000000000111e-01,3.785888922030707704e+00
